fp64
 4096 131072 4267.931 4274.845 4467.01 240.3714842814321 251.1767851232033 251.5836886772537 60.09287107035802 62.794196280800826 62.89592216931342
 5320 65536 2856.97 2863.884 2870.083 242.9557054621765 243.48159352822947 244.07083028523226 60.738926365544124 60.87039838205737 61.017707571308065
 6912 65536 3621.101 3623.009 3623.962 249.99425049158904 250.0600092354173 250.19176874657734 62.49856262289726 62.51500230885433 62.547942186644335
 8984 32768 2413.988 2414.942 2419.949 243.3007571647171 243.8052027750563 243.90155377740075 60.82518929117928 60.951300693764075 60.97538844435019
 11672 32768 3055.096 3062.01 3072.023 249.00080240284657 249.81505351060247 250.38041095926278 62.25020060071164 62.45376337765062 62.595102739815694
 15168 32768 3958.941 3958.941 3968.0 250.5166451612903 251.0898869167285 251.0898869167285 62.62916129032258 62.77247172918212 62.77247172918212
 19712 16384 2565.861 2572.06 2572.775 251.06074802499245 251.13053972302356 251.73725934491387 62.76518700624811 62.78263493075589 62.93431483622847
 25624 16384 3367.901 3370.047 3566.027 235.45734005939943 249.15000651326227 249.30876293572763 58.86433501484986 62.28750162831557 62.32719073393191
 33304 8192 2303.839 2384.901 2388.0 228.4977956448911 228.79471139472875 236.84499481083532 57.12444891122278 57.19867784868219 59.21124870270883
 43288 8192 4618.883 4619.837 4641.056 152.81664172981326 153.51853149797276 153.5502397441113 38.204160432453314 38.37963287449319 38.38755993602783
 56272 8192 5999.088 6013.87 6152.153 149.85980485205747 153.30568302939704 153.68343454871808 37.464951213014366 38.32642075734926 38.42085863717952
 73152 4096 3901.958 3919.84 3926.992 152.6005614475405 152.87899097922363 153.57960900655516 38.15014036188513 38.21974774480591 38.39490225163879
 95096 4096 5084.991 5091.906 5095.005 152.90003287533574 152.99308981744753 153.20114273555254 38.225008218833935 38.24827245436188 38.300285683888134
 123624 4096 6601.81 6661.892 7046.938 143.71175225324814 152.01804652492115 153.40153806304633 35.927938063312034 38.00451163123029 38.35038451576158
 160704 2048 4285.812 4288.912 4378.08 150.34983006249314 153.4756562969816 153.5866678239736 37.587457515623285 38.3689140742454 38.3966669559934
 208912 2048 5583.048 5589.008 5645.037 151.5851095395832 153.10472842407813 153.26817036142265 37.8962773848958 38.27618210601953 38.31704259035566
 271584 1024 3626.108 3679.991 3680.944 151.10363863182923 151.14276964264315 153.38871098158134 37.77590965795731 37.785692410660786 38.347177745395335
 353056 1024 4722.834 4724.026 4783.869 151.1451688999009 153.05984514056442 153.0984760421391 37.78629222497523 38.264961285141105 38.27461901053478
 458968 1024 6137.848 6184.816 6194.115 151.75153577226124 151.97969737499062 153.1426754132719 37.93788394306531 37.994924343747655 38.28566885331797
 596656 512 4004.955 4009.008 4050.016 150.8576124143707 152.40072955703755 152.55495854510224 37.71440310359267 38.10018238925939 38.13873963627556
 775648 512 5530.119 5611.897 5653.858 140.48169444651774 141.5320972569525 143.62503808688385 35.120423611629434 35.38302431423813 35.90625952172096
 1008336 512 7906.914 7952.213 8387.089 123.11018328290066 129.84260658008031 130.58647963035898 30.777545820725166 32.46065164502008 32.646619907589745
 1310832 256 6217.957 6259.918 10868.073 61.75390835155413 107.21322292081143 107.93673613374939 15.438477087888533 26.803305730202858 26.984184033437348
 1704080 256 9264.946 9269.953 9377.956 93.03615414702308 94.12010611057036 94.17097088315464 23.25903853675577 23.53002652764259 23.54274272078866
 2215304 128 6284.952 6294.966 6304.979 89.94761505153308 90.09068897274425 90.23423313336363 22.48690376288327 22.52267224318606 22.558558283340908
 2879888 128 8224.01 8248.091 8490.086 86.83673263144803 89.38448036036459 89.64621006054224 21.709183157862007 22.346120090091148 22.41155251513556
 3743848 128 10703.087 10706.902 10751.963 89.13954484404383 89.51469696836676 89.54660351728431 22.284886211010956 22.37867424209169 22.386650879321078
 4867000 64 7061.958 7062.912 7081.985 87.96629758464611 88.20384566592362 88.21576112460596 21.99157439616153 22.050961416480906 22.05394028115149
 6327096 64 9191.99 9216.07 9225.13 87.78936318512585 87.87566587493367 88.10587130751883 21.947340796281463 21.96891646873342 22.026467826879706
 8225224 64 12023.926 12063.026 12173.891 86.48251179511958 87.27732759591167 87.56114034633946 21.620627948779894 21.819331898977918 21.890285086584864
 10692784 32 8121.014 8177.996 8203.983 83.41535763786932 83.6804243973707 84.26757742321341 20.85383940946733 20.920106099342675 21.066894355803353
 13900616 32 11005.878 11097.908 11222.124 79.27549401521495 80.16280401675702 80.83311699439153 19.818873503803736 20.040701004189255 20.208279248597883
 18070800 32 15511.036 15724.182 16342.878 70.76667891665103 73.5511201790974 74.56182810741979 17.691669729162758 18.38778004477435 18.640457026854946
 23492040 32 23041.964 23252.01 23676.872 63.50038805801712 64.66067062589427 65.25010454837964 15.87509701450428 16.165167656473567 16.31252613709491
 30539648 32 33338.07 33576.965 34914.97 55.97992700552226 58.21066531772602 58.627793150593305 13.994981751380566 14.552666329431505 14.656948287648326
 39701536 32 47273.159 47634.125 48333.883 52.5697118934144 53.34197498117159 53.74928093974003 13.1424279733536 13.335493745292897 13.437320234935008
 51611992 32 61094.999 64650.059 64840.078 50.94329911200909 51.09303129947647 54.06608629292227 12.735824778002273 12.773257824869118 13.516521573230568
 67095584 32 85769.892 86558.819 86731.911 49.510235926889706 49.609241734224675 50.06555652419383 12.377558981722427 12.402310433556169 12.516389131048458
 87224256 32 114110.947 114271.879 114372.015 48.808726365448756 48.85149726119407 48.92039309778053 12.202181591362189 12.212874315298517 12.230098274445133
 113391528 32 149340.153 149669.886 149818.897 48.438868108874146 48.487093736411346 48.59414997385198 12.109717027218537 12.121773434102836 12.148537493462994
 147408984 32 195372.82 199239.969 200946.808 46.948618243291534 47.350815317583184 48.28806266910617 11.737154560822884 11.837703829395796 12.072015667276542
 191631672 32 253216.028 253706.932 254203.081 48.24657104765776 48.34092198947091 48.43463940600159 12.06164276191444 12.085230497367727 12.108659851500397
 249121168 32 333254.099 333981.037 334367.99 47.68325685721292 47.73850304560854 47.842636594246365 11.92081421430323 11.934625761402135 11.960659148561591
 323857512 32 432665.825 432796.001 432868.958 47.88257597348896 47.89064760328042 47.905056443965734 11.97064399337224 11.972661900820105 11.976264110991433
 421014760 32 561114.073 561402.082 562303.066 47.918900445760684 47.995804618337694 48.020439936461905 11.979725111440171 11.998951154584423 12.005109984115476
 
META_DATA
 FLOPS          4
 ERT_VERSION  1.1.0
 HOSTNAME  ('dev-amd24.i', ['dev-amd24'], ['192.168.17.192'])
 UNAME  uname_result(system='Linux', node='dev-amd24', release='5.15.0-126-generic', version='#136-Ubuntu SMP Wed Nov 6 10:38:22 UTC 2024', machine='x86_64')
 TIMESTAMP_DATA  1759348042.258221
 CONFIG  {'ERT_RESULTS': ['Results.EPYC9654.01'], 'ERT_DRIVER': ['driver1'], 'ERT_KERNEL': ['kernel1'], 'ERT_HIP': ['False'], 'ERT_GPU': ['False'], 'ERT_GPU_CFLAGS': ['-O3', '-gencode', 'arch=compute_70,code=sm_70'], 'ERT_GPU_LDFLAGS': [], 'ERT_FLOPS': ['1,2,4'], 'ERT_ALIGN': ['64'], 'ERT_CC': ['g++'], 'ERT_CFLAGS': ['-O3', '-march=native', '-fopenmp'], 'ERT_LD': ['g++'], 'ERT_LDFLAGS': ['-fopenmp'], 'ERT_LDLIBS': [], 'ERT_RUN': ['srun', '-n', '1', './ERT_CODE'], 'ERT_PRECISION': ['FP64'], 'ERT_BLOCKS_THREADS': ['16384'], 'ERT_GPU_BLOCKS': ['8192,4096,2048,1024'], 'ERT_GPU_THREADS': ['32,64,128,256'], 'ERT_NUM_EXPERIMENTS': ['3'], 'ERT_WSS_MULT': ['1.3'], 'ERT_MEMORY_MAX': ['536870912'], 'ERT_WORKING_SET_MIN': ['512'], 'ERT_TRIALS_MIN': ['32'], 'ERT_GNUPLOT': ['gnuplot'], 'ERT_MPI': [False], 'ERT_OPENMP': [False], 'ERT_OCL': [False], 'ERT_SYCL': [False]}
 TIMESTAMP_DATA  1759348061.040741
 TIMESTAMP_DATA  1759348082.0854104
 