fp64

4096 1 0.954 0.954 0.954 8.587002096436061 8.587002096436061 8.587002096436061 2.1467505241090152 2.1467505241090152 2.1467505241090152
4096 32 0.954 0.954 1.192 219.91946308724835 274.78406708595395 274.78406708595395 54.97986577181209 68.69601677148849 68.69601677148849
4096 64 1.907 2.146 2.861 183.25340789933588 244.30941286113702 274.9281594126901 45.81335197483397 61.077353215284255 68.73203985317252
4096 128 4.053 4.053 5.007 209.42200918713803 258.7160128300025 258.7160128300025 52.35550229678451 64.67900320750063 64.67900320750063
4096 256 8.106 9.06 9.06 231.47373068432674 231.47373068432674 258.7160128300025 57.868432671081685 57.868432671081685 64.67900320750063
4096 512 15.974 15.974 15.974 262.5706773506949 262.5706773506949 262.5706773506949 65.64266933767372 65.64266933767372 65.64266933767372
4096 1024 32.902 32.902 34.094 246.04352672024402 254.95738860859527 254.95738860859527 61.510881680061004 63.73934715214882 63.73934715214882
4096 2048 66.996 66.996 66.996 250.42115947220734 250.42115947220734 250.42115947220734 62.605289868051834 62.605289868051834 62.605289868051834
4096 4096 133.038 133.991 133.991 250.42302841235602 250.42302841235602 252.21690043446233 62.605757103089005 62.605757103089005 63.05422510861558
4096 8192 267.029 267.982 283.003 237.1312812938379 250.42302841235602 251.31676334780119 59.282820323459475 62.605757103089005 62.829190836950296
4096 16384 532.866 534.058 534.773 250.98074884109707 251.31676334780119 251.87894892899905 62.74518721027427 62.829190836950296 62.96973723224976
4096 32768 1068.115 1068.115 1121.044 239.451311456107 251.31699863778718 251.31699863778718 59.86282786402675 62.829249659446795 62.829249659446795
4096 65536 2134.085 2140.999 2279.043 235.56857505540702 250.75719885903735 251.56960102338942 58.892143763851756 62.689299714759336 62.892400255847356
4096 131072 4267.931 4274.845 4467.01 240.3714842814321 251.1767851232033 251.5836886772537 60.09287107035802 62.794196280800826 62.89592216931342

5320 16 0.954 0.954 1.907 89.27110644992133 178.44863731656187 178.44863731656187 22.317776612480333 44.61215932914047 44.61215932914047
5320 32 1.907 2.146 2.861 119.0073400908773 158.65796831314074 178.54221289984267 29.751835022719327 39.664492078285186 44.63555322496067
5320 64 3.815 4.053 5.007 136.00159776313163 168.01381692573403 178.4954128440367 34.00039944078291 42.00345423143351 44.62385321100918
5320 128 15.974 16.928 17.166 79.33822672725154 80.45368620037806 85.25854513584575 19.834556681812884 20.113421550094515 21.314636283961438
5320 256 10.967 10.967 12.159 224.01842256764536 248.3669189386341 248.3669189386341 56.00460564191134 62.09172973465852 62.09172973465852
5320 512 22.888 23.127 23.127 235.55497902884076 235.55497902884076 238.0146801817546 58.88874475721019 58.88874475721019 59.50367004543865
5320 1024 44.107 44.107 45.061 241.79134950400567 247.02110776067292 247.02110776067292 60.44783737600142 61.75527694016823 61.75527694016823
5320 2048 88.93 89.884 89.884 242.4315784789284 242.4315784789284 245.03227257393453 60.6078946197321 60.6078946197321 61.258068143483634
5320 4096 177.86 178.099 179.052 243.40102316645445 244.70345145115922 245.03227257393453 60.85025579161361 61.175862862789806 61.258068143483634
5320 8192 356.197 357.151 357.151 244.050499648608 244.050499648608 244.70413844024515 61.012624912152 61.012624912152 61.176034610061286
5320 16384 713.825 714.064 721.931 241.4714979686424 244.13184252391943 244.21358176023531 60.3678744921606 61.03296063097986 61.05339544005883
5320 32768 1426.935 1428.127 1435.041 242.95579011331384 244.13201346939033 244.33595083167768 60.73894752832846 61.03300336734758 61.08398770791942
5320 65536 2856.97 2863.884 2870.083 242.9557054621765 243.48159352822947 244.07083028523226 60.738926365544124 60.87039838205737 61.017707571308065

6912 1 0.954 0.954 1.192 11.597315436241612 14.490566037735851 14.490566037735851 2.899328859060403 3.622641509433963 3.622641509433963
6912 8 0.954 0.954 1.192 92.7785234899329 115.92452830188681 115.92452830188681 23.194630872483224 28.981132075471702 28.981132075471702
6912 16 1.907 1.907 2.146 103.06803355079218 115.98531725222863 115.98531725222863 25.767008387698045 28.996329313057156 28.996329313057156
6912 32 2.861 3.099 3.099 142.74540174249756 142.74540174249756 154.62006291506466 35.68635043562439 35.68635043562439 38.655015728766166
6912 64 5.007 5.007 5.96 148.44563758389262 176.6998202516477 176.6998202516477 37.111409395973155 44.17495506291193 44.17495506291193
6912 128 16.928 17.881 18.12 97.65298013245034 98.95822381298585 104.52930056710774 24.413245033112585 24.739555953246462 26.132325141776935
6912 256 14.067 14.067 14.067 251.57773512476007 251.57773512476007 251.57773512476007 62.89443378119002 62.89443378119002 62.89443378119002
6912 512 27.895 28.133 29.087 243.3350981538144 251.58667756726976 253.73321383760532 60.8337745384536 62.89666939181744 63.43330345940133
6912 1024 56.982 56.982 56.982 248.42539749394547 248.42539749394547 248.42539749394547 62.10634937348637 62.10634937348637 62.10634937348637
6912 2048 113.01 113.01 113.964 248.42539749394547 250.52253782851074 250.52253782851074 62.10634937348637 62.630634457127684 62.630634457127684
6912 4096 226.021 226.021 226.021 250.52142942469948 250.52142942469948 250.52142942469948 62.63035735617487 62.63035735617487 62.63035735617487
6912 8192 452.995 452.995 460.863 245.72640459312203 249.9943884590338 249.9943884590338 61.43160114828051 62.49859711475845 62.49859711475845
6912 16384 905.037 905.037 912.905 248.10075089960074 250.25763145595153 250.25763145595153 62.025187724900185 62.56440786398788 62.56440786398788
6912 32768 1809.12 1809.835 1816.988 249.30535149379082 250.29067953708486 250.38959936322632 62.326337873447706 62.572669884271214 62.59739984080658
6912 65536 3621.101 3623.009 3623.962 249.99425049158904 250.0600092354173 250.19176874657734 62.49856262289726 62.51500230885433 62.547942186644335

8984 1 0.954 1.192 2.146 8.372786579683133 15.073825503355707 18.834381551362686 2.0931966449207833 3.7684563758389267 4.708595387840671
8984 8 0.954 0.954 0.954 150.6750524109015 150.6750524109015 150.6750524109015 37.66876310272537 37.66876310272537 37.66876310272537
8984 16 1.907 1.907 1.907 150.7540639748296 150.7540639748296 150.7540639748296 37.6885159937074 37.6885159937074 37.6885159937074
8984 32 3.099 3.815 4.053 141.86429805082656 150.71454783748362 185.53597934817682 35.46607451270664 37.678636959370905 46.383994837044206
8984 64 15.974 15.974 17.166 66.99009670278457 71.98898209590585 71.98898209590585 16.747524175696142 17.997245523976463 17.997245523976463
8984 128 9.06 10.014 10.967 209.71131576547828 229.66886359097268 253.85253863134662 52.42782894136957 57.41721589774317 63.463134657836655
8984 256 18.835 18.835 23.127 198.89341462360017 244.2159808866472 244.2159808866472 49.72335365590004 61.0539952216618 61.0539952216618
8984 512 37.909 37.909 45.061 204.15916202481083 242.676303780105 242.676303780105 51.039790506202706 60.66907594502625 60.66907594502625
8984 1024 76.056 76.056 90.122 204.15916202481083 241.91690333438524 241.91690333438524 51.039790506202706 60.47922583359631 60.47922583359631
8984 2048 150.919 151.157 180.006 204.4290968078842 243.4453184437373 243.82923289976742 51.10727420197105 60.86132961093433 60.957308224941855
8984 4096 302.076 308.99 334.978 219.70675089110333 238.18546878539757 243.63712443226208 54.92668772277583 59.546367196349394 60.90928110806552
8984 8192 602.961 602.961 602.961 244.11836918142302 244.11836918142302 244.11836918142302 61.029592295355755 61.029592295355755 61.029592295355755
8984 16384 1206.16 1207.829 1213.074 242.67910448991572 243.73293901702976 244.07019964183854 60.66977612247893 60.93323475425744 61.017549910459635
8984 32768 2413.988 2414.942 2419.949 243.3007571647171 243.8052027750563 243.90155377740075 60.82518929117928 60.951300693764075 60.97538844435019

11672 1 1.907 2.146 2.146 10.877912395153775 10.877912395153775 12.241216570529627 2.7194780987884437 2.7194780987884437 3.0603041426324067
11672 2 0.954 0.954 1.192 39.16778523489933 48.939203354297696 48.939203354297696 9.791946308724832 12.234800838574424 12.234800838574424
11672 8 0.954 0.954 1.192 156.6711409395973 195.75681341719078 195.75681341719078 39.16778523489933 48.939203354297696 48.939203354297696
11672 16 1.907 2.146 3.099 120.52404001290738 174.0465983224604 195.85946512847403 30.131010003226844 43.5116495806151 48.96486628211851
11672 32 4.053 5.007 5.007 149.19273017775114 149.19273017775114 184.30989390574882 37.298182544437786 37.298182544437786 46.077473476437206
11672 64 9.06 15.974 19.073 78.33146332511927 93.52798297233004 164.90242825607064 19.58286583127982 23.38199574308251 41.22560706401766
11672 128 11.921 12.159 27.18 109.93495217071376 245.7465252076651 250.65279758409528 27.48373804267844 61.43663130191627 62.66319939602382
11672 256 23.842 23.842 24.08 248.175415282392 250.65279758409528 250.65279758409528 62.043853820598 62.66319939602382 62.66319939602382
11672 512 47.922 47.922 48.161 248.17026224538526 249.4079545928801 249.4079545928801 62.042565561346315 62.35198864822002 62.35198864822002
11672 1024 94.891 96.083 96.083 248.7875690808988 248.7875690808988 251.91278414180476 62.1968922702247 62.1968922702247 62.97819603545119
11672 2048 190.973 190.973 190.973 250.34173417184624 250.34173417184624 250.34173417184624 62.58543354296156 62.58543354296156 62.58543354296156
11672 4096 381.947 381.947 382.185 250.1851825686513 250.34107873605498 250.34107873605498 62.546295642162825 62.585269684013745 62.585269684013745
11672 8192 763.178 763.893 772.953 247.40708425997443 250.34140645352159 250.57594427512322 61.851771064993606 62.585351613380396 62.643986068780805
11672 16384 1528.025 1528.978 1537.085 248.82690026901568 250.14623886020595 250.30225029040753 62.20672506725392 62.53655971505149 62.57556257260188
11672 32768 3055.096 3062.01 3072.023 249.00080240284657 249.81505351060247 250.38041095926278 62.25020060071164 62.45376337765062 62.595102739815694

15168 1 1.907 1.907 2.146 14.136067101584343 15.907708442579967 15.907708442579967 3.534016775396086 3.9769271106449917 3.9769271106449917
15168 4 0.954 1.192 1.192 101.79865771812081 101.79865771812081 127.19496855345913 25.449664429530202 25.449664429530202 31.798742138364783
15168 8 1.192 1.907 1.907 127.26166754063973 127.26166754063973 203.59731543624162 31.815416885159934 31.815416885159934 50.899328859060404
15168 16 2.861 3.099 4.053 119.75721687638786 156.62342691190705 169.65256903180705 29.939304219096964 39.15585672797676 42.41314225795176
15168 32 13.828 15.02 15.974 60.770752472768244 64.6306258322237 70.2019091698004 15.192688118192061 16.157656458055925 17.5504772924501
15168 64 7.868 7.868 8.106 239.51443375277572 246.75953228266394 246.75953228266394 59.87860843819393 61.689883070665985 61.689883070665985
15168 128 15.974 15.974 26.941 144.1300619873056 243.08300989107298 243.08300989107298 36.0325154968264 60.770752472768244 60.770752472768244
15168 256 30.994 30.994 32.187 241.27803150340202 250.56514164031745 250.56514164031745 60.319507875850505 62.64128541007936 62.64128541007936
15168 512 61.989 61.989 61.989 250.56109954992016 250.56109954992016 250.56109954992016 62.64027488748004 62.64027488748004 62.64027488748004
15168 1024 123.024 123.024 123.978 250.56109954992016 252.50409676160746 252.50409676160746 62.64027488748004 63.126024190401864 63.126024190401864
15168 2048 247.002 247.002 247.002 251.52884592027593 251.52884592027593 251.52884592027593 62.88221148006898 62.88221148006898 62.88221148006898
15168 4096 494.003 494.957 494.957 251.04454730410924 251.04454730410924 251.52935508488812 62.76113682602731 62.76113682602731 62.88233877122203
15168 8192 988.007 988.96 998.974 248.76774770914955 251.2867173596505 251.52910050232438 62.19193692728739 62.82167933991263 62.882275125581096
15168 16384 1976.967 1981.974 1986.027 250.2609601984263 250.77272658470795 251.40785051040305 62.56524004960657 62.69318164617699 62.85196262760076
15168 32768 3958.941 3958.941 3968.0 250.5166451612903 251.0898869167285 251.0898869167285 62.62916129032258 62.77247172918212 62.77247172918212

19712 1 1.907 1.907 1.907 20.673308862087048 20.673308862087048 20.673308862087048 5.168327215521762 5.168327215521762 5.168327215521762
19712 2 0.954 0.954 0.954 82.64989517819707 82.64989517819707 82.64989517819707 20.662473794549268 20.662473794549268 20.662473794549268
19712 4 0.954 0.954 0.954 165.29979035639414 165.29979035639414 165.29979035639414 41.324947589098535 41.324947589098535 41.324947589098535
19712 8 2.146 2.146 2.146 146.96738117427773 146.96738117427773 146.96738117427773 36.74184529356943 36.74184529356943 36.74184529356943
19712 16 3.815 4.053 4.053 155.63385146804836 155.63385146804836 165.34311926605506 38.90846286701209 38.90846286701209 41.335779816513764
19712 32 15.974 15.974 16.928 74.52551984877127 78.9763365468887 78.9763365468887 18.631379962192817 19.744084136722176 19.744084136722176
19712 64 10.014 10.967 10.967 230.06619859578737 230.06619859578737 251.96085480327542 57.51654964894684 57.51654964894684 62.990213700818856
19712 128 20.027 20.027 20.981 240.5162766312378 251.97343586158686 251.97343586158686 60.12906915780945 62.993358965396716 62.993358965396716
19712 256 40.054 40.054 41.008 246.1115879828326 251.97343586158686 251.97343586158686 61.52789699570815 62.993358965396716 62.993358965396716
19712 512 80.109 80.824 81.062 249.00801855369963 249.74126497080076 251.97029047922211 62.25200463842491 62.43531624270019 62.99257261980553
19712 1024 160.933 160.933 161.171 250.48039659740277 250.8508261201867 250.8508261201867 62.62009914935069 62.712706530046674 62.712706530046674
19712 2048 320.911 320.911 321.865 250.8516054867724 251.59733384022363 251.59733384022363 62.7129013716931 62.89933346005591 62.89933346005591
19712 4096 642.061 642.061 651.121 248.00414055144898 251.5036795569268 251.5036795569268 62.001035137862246 62.8759198892317 62.8759198892317
19712 8192 1282.93 1283.884 1284.122 251.5036795569268 251.5503020522103 251.7373574552002 62.8759198892317 62.887575513052575 62.93433936380005
19712 16384 2565.861 2572.06 2572.775 251.06074802499245 251.13053972302356 251.73725934491387 62.76518700624811 62.78263493075589 62.93431483622847

25624 1 1.907 2.146 3.099 16.536947402387867 23.8807082945014 26.873623492396433 4.134236850596967 5.97017707362535 6.718405873099108
25624 2 1.192 1.192 1.192 85.98657718120806 85.98657718120806 85.98657718120806 21.496644295302016 21.496644295302016 21.496644295302016
25624 4 0.954 0.954 1.907 107.49449396958573 214.87631027253673 214.87631027253673 26.873623492396433 53.71907756813418 53.71907756813418
25624 8 3.099 3.099 3.099 132.29557921910293 132.29557921910293 132.29557921910293 33.07389480477573 33.07389480477573 33.07389480477573
25624 16 5.007 5.96 5.96 137.5785234899329 137.5785234899329 163.7643299380867 34.394630872483226 34.394630872483226 40.94108248452167
25624 32 16.928 17.881 20.027 81.88625355769712 91.71388624797271 96.87712665406427 20.47156338942428 22.928471561993177 24.219281663516067
25624 64 14.067 14.067 14.067 233.16073078836993 233.16073078836993 233.16073078836993 58.29018269709248 58.29018269709248 58.29018269709248
25624 128 26.941 26.941 27.18 241.34451802796173 243.48554248171934 243.48554248171934 60.33612950699043 60.871385620429834 60.871385620429834
25624 256 52.929 53.167 53.167 246.75998269603326 246.75998269603326 247.86956111016644 61.689995674008316 61.689995674008316 61.96739027754161
25624 512 105.858 105.858 106.096 247.31352737143717 247.86956111016644 247.86956111016644 61.828381842859294 61.96739027754161 61.96739027754161
25624 1024 209.808 211.0 211.0 248.710672985782 248.710672985782 250.1236940440784 62.1776682464455 62.1776682464455 62.5309235110196
25624 2048 420.094 420.809 427.008 245.7937649880096 249.4145895168592 249.83909315534143 61.4484412470024 62.3536473792148 62.45977328883536
25624 4096 841.856 842.094 845.909 248.14939668451336 249.2736060344807 249.34407784704274 62.03734917112834 62.31840150862018 62.336019461760685
25624 8192 1682.997 1682.997 1682.997 249.45000852645606 249.45000852645606 249.45000852645606 62.362502131614015 62.362502131614015 62.362502131614015
25624 16384 3367.901 3370.047 3566.027 235.45734005939943 249.15000651326227 249.30876293572763 58.86433501484986 62.28750162831557 62.32719073393191

33304 1 2.861 3.099 4.053 16.434246237355044 21.493384962891252 23.281370150297096 4.108561559338761 5.373346240722813 5.820342537574274
33304 2 0.954 0.954 1.907 69.85631882538017 139.63941299790358 139.63941299790358 17.464079706345043 34.909853249475894 34.909853249475894
33304 4 1.907 2.146 2.146 124.15284249767008 124.15284249767008 139.71263765076034 31.03821062441752 31.03821062441752 34.928159412690086
33304 8 3.099 4.053 4.053 131.47396989884035 131.47396989884035 171.94707970313002 32.86849247471009 32.86849247471009 42.986769925782504
33304 16 15.974 15.974 16.928 62.95652173913043 66.71641417303117 66.71641417303117 15.739130434782608 16.679103543257792 16.679103543257792
33304 32 9.06 10.014 10.014 212.84761334132216 212.84761334132216 235.26004415011036 53.21190333533054 53.21190333533054 58.81501103752759
33304 64 17.881 19.073 19.073 223.50505950820528 223.50505950820528 238.40456350315975 55.87626487705132 55.87626487705132 59.60114087578994
33304 128 36.001 36.955 38.147 223.4992004613731 230.70826681098632 236.82186605927615 55.87480011534328 57.67706670274658 59.20546651481904
33304 256 72.956 73.195 74.863 227.77136903410226 232.96192362866316 233.7250945775536 56.942842258525566 58.24048090716579 58.4312736443884
33304 512 144.005 144.958 149.965 227.4083686193445 235.26329005643015 236.8202215200861 56.85209215483612 58.81582251410754 59.20505538002153
33304 1024 288.01 298.977 356.913 191.10145049353764 228.1332410185399 236.8202215200861 47.77536262338441 57.033310254634976 59.20505538002153
33304 2048 575.066 597.0 623.941 218.6315436876243 228.4977956448911 237.21309206247628 54.65788592190607 57.12444891122278 59.30327301561907
33304 4096 1149.893 1155.853 1202.106 226.95699713669174 236.0389841960872 237.26239571855817 56.739249284172935 59.0097460490218 59.31559892963954
33304 8192 2303.839 2384.901 2388.0 228.4977956448911 228.79471139472875 236.84499481083532 57.12444891122278 57.19867784868219 59.21124870270883

43288 1 3.099 4.053 4.053 21.360967184801382 21.360967184801382 27.93675379154566 5.3402417962003454 5.3402417962003454 6.984188447886415
43288 2 1.907 2.146 3.099 55.87350758309132 80.68592730661697 90.79811221814369 13.96837689577283 20.171481826654244 22.69952805453592
43288 4 2.861 4.053 4.053 85.44386873920553 85.44386873920553 121.04299196085285 21.360967184801382 21.360967184801382 30.26074799021321
43288 8 5.96 15.02 15.974 43.35845749342682 46.11238348868176 116.20939597315437 10.839614373356705 11.52809587217044 29.052348993288593
43288 16 10.014 10.014 20.027 69.16742397763021 138.32794088276415 138.32794088276415 17.291855994407552 34.58198522069104 34.58198522069104
43288 32 20.027 20.027 20.027 138.33484795526041 138.33484795526041 138.33484795526041 34.583711988815104 34.583711988815104 34.583711988815104
43288 64 39.101 39.101 39.101 141.7064525203959 141.7064525203959 141.7064525203959 35.42661313009898 35.42661313009898 35.42661313009898
43288 128 76.056 77.009 77.009 143.90172577231235 143.90172577231235 145.70484905858842 35.97543144307809 35.97543144307809 36.426212264647106
43288 256 149.965 151.873 152.111 145.70580694361357 145.93414234261525 147.7908578668356 36.42645173590339 36.48353558565381 36.9477144667089
43288 512 299.931 299.931 302.792 146.3939337895321 147.79036511731033 147.79036511731033 36.598483447383025 36.94759127932758 36.94759127932758
43288 1024 590.086 597.954 604.868 146.56722458453746 148.26194657114095 150.23881942632093 36.641806146134364 37.06548664278524 37.55970485658023
43288 2048 1153.946 1164.913 1176.119 150.75655439628133 152.2067725229266 153.65333213165957 37.68913859907033 38.05169313073165 38.41333303291489
43288 4096 2306.938 2318.859 2331.018 152.12893937326953 152.92663158907033 153.71687318861626 38.03223484331738 38.23165789726758 38.429218297154065
43288 8192 4618.883 4619.837 4641.056 152.81664172981326 153.51853149797276 153.5502397441113 38.204160432453314 38.37963287449319 38.38755993602783

56272 1 5.007 5.007 5.007 22.477331735570203 22.477331735570203 22.477331735570203 5.619332933892551 5.619332933892551 5.619332933892551
56272 2 2.861 3.099 3.099 72.63246208454339 72.63246208454339 78.674589304439 18.158115521135848 18.158115521135848 19.66864732610975
56272 4 4.053 5.007 5.007 89.90932694228081 89.90932694228081 111.07229212928695 22.477331735570203 22.477331735570203 27.768073032321738
56272 8 7.868 16.928 18.12 49.688300220750556 53.18714555765595 114.43213014743264 12.422075055187639 13.296786389413988 28.60803253685816
56272 16 14.067 14.067 25.034 71.93033474474714 128.00909931044288 128.00909931044288 17.982583686186786 32.00227482761072 32.00227482761072
56272 32 25.988 25.988 27.18 132.50213392200146 138.57965214714483 138.57965214714483 33.125533480500366 34.64491303678621 34.64491303678621
56272 64 48.876 49.114 49.114 146.6550474406483 146.6550474406483 147.36917914722972 36.663761860162076 36.663761860162076 36.84229478680743
56272 128 95.844 96.083 105.143 137.0099008017652 149.92904051705298 150.3029088936188 34.2524752004413 37.482260129263246 37.5757272234047
56272 256 190.02 190.973 192.881 149.37326123361035 150.86564069266333 151.62227133985897 37.34331530840259 37.71641017316583 37.90556783496474
56272 512 380.039 383.854 389.814 147.82057083634757 150.1157419227102 151.62267030488977 36.95514270908689 37.52893548067755 37.90566757622244
56272 1024 758.886 766.993 771.999 149.28135399139117 150.2556816033523 151.8608275814813 37.32033849784779 37.56392040083807 37.96520689537032
56272 2048 1501.799 1518.965 1555.92 148.13750835518533 151.7415555987136 153.47600577707135 37.03437708879633 37.9353888996784 38.36900144426784
56272 4096 3013.134 3042.936 3062.01 150.54824249430928 151.49192227506592 152.99028320678732 37.63706062357732 37.87298056876648 38.24757080169683
56272 8192 5999.088 6013.87 6152.153 149.85980485205747 153.30568302939704 153.68343454871808 37.464951213014366 38.32642075734926 38.42085863717952

73152 1 5.96 5.96 7.868 18.594814438230806 24.54765100671141 24.54765100671141 4.6487036095577015 6.136912751677852 6.136912751677852
73152 2 2.861 2.861 3.815 76.69934469200524 102.2747291156938 102.2747291156938 19.17483617300131 25.56868227892345 25.56868227892345
73152 4 5.007 6.199 15.02 38.962450066577894 94.4049040167769 116.87956860395447 9.740612516644473 23.601226004194224 29.219892150988617
73152 8 10.014 18.835 19.789 59.14558593157813 62.14133262543137 116.87956860395447 14.786396482894533 15.535333156357842 29.219892150988617
73152 16 16.928 17.881 17.881 130.91348358592919 130.91348358592919 138.28355387523627 32.728370896482296 32.728370896482296 34.570888468809066
73152 32 34.094 34.094 34.094 137.31823781310493 137.31823781310493 137.31823781310493 34.32955945327623 34.32955945327623 34.32955945327623
73152 64 63.896 65.088 65.088 143.858407079646 143.858407079646 146.54213096281455 35.9646017699115 35.9646017699115 36.63553274070364
73152 128 127.792 128.031 128.031 146.26857557935188 146.26857557935188 146.54213096281455 36.56714389483797 36.56714389483797 36.63553274070364
73152 256 245.81 247.002 253.916 147.50478110871313 151.63368717662203 152.36900044750007 36.87619527717828 37.90842179415551 38.09225011187502
73152 512 488.997 488.997 494.957 151.34172867542028 153.1863140264664 153.1863140264664 37.83543216885507 38.2965785066166 38.2965785066166
73152 1024 986.099 995.874 995.874 150.43599491501934 150.43599491501934 151.9272365147921 37.608998728754834 37.608998728754834 37.981809128698025
73152 2048 1948.118 1954.079 1990.795 150.50800911193767 153.33596645785556 153.80515553985947 37.62700227798442 38.33399161446389 38.45128888496487
73152 4096 3901.958 3919.84 3926.992 152.6005614475405 152.87899097922363 153.57960900655516 38.15014036188513 38.21974774480591 38.39490225163879

95096 1 6.914 7.868 8.106 23.46311374290649 24.172852058973056 27.50824414231993 5.8657784357266225 6.043213014743264 6.877061035579983
95096 2 3.815 5.007 5.007 75.97044138206512 75.97044138206512 99.70747051114024 18.99261034551628 18.99261034551628 24.92686762778506
95096 4 16.212 16.928 17.166 44.318303623441686 44.94139886578449 46.92622748581298 11.079575905860422 11.235349716446123 11.731556871453245
95096 8 11.921 11.921 11.921 127.63492995554064 127.63492995554064 127.63492995554064 31.90873248888516 31.90873248888516 31.90873248888516
95096 16 21.935 22.173 22.173 137.24223154286744 137.24223154286744 138.73134260314566 34.31055788571686 34.31055788571686 34.682835650786416
95096 32 41.962 41.962 42.2 144.22142180094787 145.03941661503265 145.03941661503265 36.055355450236966 36.25985415375816 36.25985415375816
95096 64 82.97 82.97 83.923 145.04114485897787 146.70709895142824 146.70709895142824 36.26028621474447 36.67677473785706 36.67677473785706
95096 128 164.032 164.986 170.946 142.41091338785347 147.55540470100493 148.41357783847053 35.60272834696337 36.88885117525123 37.10339445961763
95096 256 324.965 325.918 328.064 148.41357783847053 149.3908038218202 149.8289108057791 37.10339445961763 37.34770095545505 37.45722770144477
95096 512 648.975 652.075 653.028 149.1181143840693 149.3360487673964 150.0493917331176 37.27952859601732 37.3340121918491 37.5123479332794
95096 1024 1296.043 1296.043 1302.958 149.47266757639156 150.27017467784634 150.27017467784634 37.36816689409789 37.567543669461585 37.567543669461585
95096 2048 2535.105 2557.993 2771.139 140.56069219191096 152.27297963676995 153.6477644910171 35.14017304797774 38.06824490919249 38.41194112275428
95096 4096 5084.991 5091.906 5095.005 152.90003287533574 152.99308981744753 153.20114273555254 38.225008218833935 38.24827245436188 38.300285683888134

123624 1 8.821 11.206 11.206 22.063894342316615 22.063894342316615 28.02947511619998 5.515973585579154 5.515973585579154 7.007368779049995
123624 2 5.96 5.96 7.153 69.13127359150006 82.96912751677853 82.96912751677853 17.282818397875015 20.742281879194632 20.742281879194632
123624 4 20.027 20.027 20.981 47.13750536199418 49.382933040395464 49.382933040395464 11.784376340498545 12.345733260098866 12.345733260098866
123624 8 16.212 19.789 24.08 82.14219269102989 99.95371165799179 122.00740192450037 20.535548172757473 24.988427914497947 30.501850481125093
123624 16 30.041 34.809 40.054 98.76586608079093 113.64784969404464 131.6856296394927 24.691466520197732 28.41196242351116 32.921407409873176
123624 32 53.883 64.85 72.956 108.44805087998246 122.00363916730919 146.83547686654416 27.112012719995615 30.500909791827297 36.70886921663604
123624 64 106.096 119.209 143.051 110.61699673543002 132.74058166749154 149.14673503242344 27.654249183857505 33.185145416872885 37.28668375810586
123624 128 208.855 209.093 282.049 112.20654567114225 151.35726207955312 151.52974072921407 28.051636417785563 37.83931551988828 37.88243518230352
123624 256 415.087 415.802 570.059 111.0332228769303 152.22506866248838 152.48728097965005 27.758305719232574 38.056267165622096 38.12182024491251
123624 512 834.942 846.863 1113.176 113.7205401481886 149.48223738668472 151.61649072630195 28.43013503704715 37.37055934667118 37.90412268157549
123624 1024 1685.143 1700.163 1749.992 144.67606251914293 148.9162815565331 150.24360069145465 36.16901562978573 37.22907038913328 37.56090017286366
123624 2048 3297.091 3299.952 3337.86 151.70315831101362 153.44583921220672 153.57898947890732 37.925789577753406 38.36145980305168 38.39474736972683
123624 4096 6601.81 6661.892 7046.938 143.71175225324814 152.01804652492115 153.40153806304633 35.927938063312034 38.00451163123029 38.35038451576158

160704 1 11.921 12.875 15.02 21.39866844207723 24.96372815533981 26.96149651874843 5.349667110519308 6.240932038834952 6.740374129687107
160704 2 8.106 16.928 17.881 35.94966724456127 37.97353497164461 79.30125832716507 8.987416811140317 9.493383742911153 19.825314581791268
160704 4 10.967 13.113 22.888 56.170569730863335 98.04255319148938 117.22731831859214 14.042642432715834 24.510638297872344 29.306829579648035
160704 8 20.027 20.981 20.981 122.55202325913922 122.55202325913922 128.38987367054477 30.638005814784805 30.638005814784805 32.09746841763619
160704 16 37.193 37.909 38.147 134.80818937268987 135.65454113798836 138.2660177990482 33.70204734317247 33.91363528449709 34.56650444976205
160704 32 69.857 72.956 72.956 140.97615000822415 140.97615000822415 147.23014157493165 35.24403750205604 35.24403750205604 36.80753539373291
160704 64 137.806 137.806 138.044 149.01127176842166 149.26862400766296 149.26862400766296 37.252817942105416 37.31715600191574 37.31715600191574
160704 128 271.082 272.036 280.857 146.48103483267286 151.23080768721786 151.76302373451577 36.620258708168215 37.807701921804465 37.94075593362894
160704 256 538.111 540.972 557.184 147.67195037904895 152.0974246356558 152.90608814909936 36.91798759476224 38.02435615891395 38.22652203727484
160704 512 1071.93 1073.122 1077.89 152.66947091076082 153.3477982932043 153.51832302482438 38.167367727690205 38.33694957330108 38.379580756206096
160704 1024 2141.953 2142.906 2192.02 150.14543297962612 153.5866678239736 153.65500176707894 37.53635824490653 38.3966669559934 38.413750441769736
160704 2048 4285.812 4288.912 4378.08 150.34983006249314 153.4756562969816 153.5866678239736 37.587457515623285 38.3689140742454 38.3966669559934

208912 1 15.974 16.928 19.073 21.906569496146382 24.68241965973535 26.15650431951922 5.4766423740365955 6.170604914933837 6.539126079879805
208912 2 9.775 10.967 10.967 76.19658976930792 76.19658976930792 85.48828644501279 19.04914744232698 19.04914744232698 21.372071611253197
208912 4 14.782 15.02 15.02 111.27137150466045 111.27137150466045 113.06291435529698 27.817842876165113 27.817842876165113 28.265728588824246
208912 8 27.895 27.895 28.133 118.81391959620375 119.82763936189282 119.82763936189282 29.703479899050937 29.956909840473205 29.956909840473205
208912 16 50.068 50.068 50.068 133.5220899576576 133.5220899576576 133.5220899576576 33.3805224894144 33.3805224894144 33.3805224894144
208912 32 91.076 92.03 93.937 142.33335107572097 145.28271215907856 146.8045149106241 35.58333776893024 36.32067803976964 36.70112872765603
208912 64 184.059 184.059 184.059 145.28350148593657 145.28350148593657 145.28350148593657 36.32087537148414 36.32087537148414 36.32087537148414
208912 128 359.058 361.919 363.111 147.28684066304794 147.7719379198108 148.94939536230916 36.821710165761985 36.9429844799527 37.23734884057729
208912 256 716.925 718.832 724.077 147.72316203939639 148.80103278652035 149.19683927886462 36.930790509849096 37.20025819663009 37.299209819716154
208912 512 1398.087 1409.054 1438.141 148.75167872969342 151.82234889507427 153.01328744205478 37.187919682423356 37.95558722376857 38.253321860513694
208912 1024 2790.928 2809.048 2818.108 151.82234889507427 152.31202030011593 153.3009006323345 37.95558722376857 38.07800507502898 38.325225158083626
208912 2048 5583.048 5589.008 5645.037 151.5851095395832 153.10472842407813 153.26817036142265 37.8962773848958 38.27618210601953 38.31704259035566

271584 1 30.994 30.994 35.048 15.49783154530929 17.52494031102794 17.52494031102794 3.8744578863273227 4.381235077756985 4.381235077756985
271584 2 11.921 11.921 12.875 84.37561165048544 91.1279255096049 91.1279255096049 21.09390291262136 22.781981377401227 22.781981377401227
271584 4 19.073 20.027 20.027 108.48714235781695 108.48714235781695 113.91349027420961 27.121785589454237 27.121785589454237 28.478372568552402
271584 8 33.855 34.094 34.094 127.45186836393499 127.45186836393499 128.3516171909615 31.862967090983748 31.862967090983748 32.08790429774037
271584 16 61.989 62.943 64.85 134.01215111796455 138.07235117487252 140.19726080433628 33.50303777949114 34.51808779371813 35.04931520108407
271584 32 118.971 123.024 123.024 141.28443230589153 141.28443230589153 146.0975868068689 35.32110807647288 35.32110807647288 36.52439670171722
271584 64 231.981 231.981 231.981 149.85172061505037 149.85172061505037 149.85172061505037 37.46293015376259 37.46293015376259 37.46293015376259
271584 128 468.969 469.923 473.976 146.68570560534712 147.95084301045065 148.25181195345533 36.67142640133678 36.987710752612664 37.06295298836383
271584 256 912.189 916.004 925.064 150.31501388012074 151.8017475906219 152.43662004255697 37.578753470030186 37.95043689765547 38.10915501063924
271584 512 1812.935 1821.995 1977.921 140.6031969932065 152.63599296375676 153.39877932744417 35.150799248301624 38.15899824093919 38.349694831861044
271584 1024 3626.108 3679.991 3680.944 151.10363863182923 151.14276964264315 153.38871098158134 37.77590965795731 37.785692410660786 38.347177745395335

353056 1 36.001 38.147 42.915 16.45373412559711 18.51028914462474 19.61367739785006 4.113433531399277 4.627572286156185 4.903419349462515
353056 2 17.166 18.12 19.073 74.04309757248465 77.93730684326711 82.26867062798554 18.510774393121164 19.484326710816777 20.567167656996386
353056 4 25.988 28.849 28.849 97.90453741897466 97.90453741897466 108.6827766661536 24.476134354743664 24.476134354743664 27.1706941665384
353056 8 44.107 46.968 46.968 120.27116334525633 120.27116334525633 128.07255084226995 30.06779083631408 30.06779083631408 32.01813771056749
353056 16 81.062 83.923 84.877 133.10781483794196 134.62092632532202 139.37223359897362 33.27695370948549 33.655231581330504 34.843058399743406
353056 32 154.972 154.972 155.21 145.58072289156627 145.80430013163667 145.80430013163667 36.39518072289157 36.451075032909166 36.451075032909166
353056 64 300.884 303.03 309.944 145.80430013163667 149.13100353100353 150.19465308889804 36.451075032909166 37.28275088275088 37.54866327222451
353056 128 596.046 596.046 607.967 148.6632267869802 151.63651127597532 151.63651127597532 37.16580669674505 37.90912781899383 37.90912781899383
353056 256 1183.987 1183.987 1184.94 152.5517511435178 152.67454119006374 152.67454119006374 38.13793778587945 38.168635297515934 38.168635297515934
353056 512 2367.02 2367.02 2368.212 152.65919774074277 152.7360748958606 152.7360748958606 38.16479943518569 38.18401872396515 38.18401872396515
353056 1024 4722.834 4724.026 4783.869 151.1451688999009 153.05984514056442 153.0984760421391 37.78629222497523 38.264961285141105 38.27461901053478

458968 1 44.107 46.015 48.876 18.780914968491693 19.948625448223403 20.811571859342056 4.695228742122923 4.987156362055851 5.202892964835514
458968 2 24.08 25.034 25.034 73.33514420388272 73.33514420388272 76.2405315614618 18.33378605097068 18.33378605097068 19.06013289036545
458968 4 36.001 36.001 36.955 99.35716411852252 101.99005583178246 101.99005583178246 24.83929102963063 25.497513957945614 25.497513957945614
458968 8 57.936 58.174 58.174 126.23316258122183 126.23316258122183 126.75172604252968 31.55829064530546 31.55829064530546 31.68793151063242
458968 16 104.904 104.904 112.057 131.0670105392791 140.00396553038968 140.00396553038968 32.766752634819774 35.00099138259742 35.00099138259742
458968 32 207.186 207.186 209.093 140.48271343373523 141.77575704922145 141.77575704922145 35.12067835843381 35.44393926230536 35.44393926230536
458968 64 403.881 403.881 406.027 144.6896487179424 145.45844939474748 145.45844939474748 36.1724121794856 36.36461234868687 36.36461234868687
458968 128 794.172 794.888 795.126 147.77004902367676 147.81429333440684 147.94755795973668 36.94251225591919 36.95357333360171 36.98688948993417
458968 256 1559.973 1574.993 1576.9 149.0212543598199 149.20168915036447 150.63825848267888 37.25531358995497 37.30042228759112 37.65956462066972
458968 512 3113.985 3142.834 3145.933 149.39391016909767 149.54122043989597 150.92662039155616 37.348477542274416 37.38530510997399 37.73165509788904
458968 1024 6137.848 6184.816 6194.115 151.75153577226124 151.97969737499062 153.1426754132719 37.93788394306531 37.994924343747655 38.28566885331797

596656 1 54.836 56.028 58.889 20.263750445753875 21.298493610337687 21.761470566780947 5.065937611438469 5.324623402584422 5.440367641695237
596656 2 29.087 30.041 30.041 79.44555773775839 79.44555773775839 82.05122563344449 19.861389434439598 19.861389434439598 20.512806408361122
596656 4 44.107 44.107 44.823 106.49104254512191 108.21973836352507 108.21973836352507 26.62276063628048 27.054934590881267 27.054934590881267
596656 8 74.863 78.917 79.87 119.52542882183548 120.9688153376332 127.51954904291838 29.88135720545887 30.2422038344083 31.879887260729596
596656 16 137.806 140.19 144.005 132.5856185549113 136.19368000570654 138.54978738226202 33.14640463872782 34.048420001426635 34.637446845565506
596656 32 261.784 272.036 274.897 138.91015180231142 140.37106853504682 145.8682883598692 34.727537950577855 35.092767133761704 36.4670720899673
596656 64 524.998 526.19 526.905 144.94447386151205 145.1414280012923 145.4709694132168 36.23611846537801 36.285357000323074 36.3677423533042
596656 128 1029.015 1038.074 1045.942 146.03480498918677 147.14166427441586 148.43703541736514 36.50870124729669 36.785416068603965 37.109258854341284
596656 256 2007.008 2029.896 2035.141 150.10648991888033 150.49434650839257 152.2105900923165 37.52662247972008 37.62358662709814 38.05264752307912
596656 512 4004.955 4009.008 4050.016 150.8576124143707 152.40072955703755 152.55495854510224 37.71440310359267 38.10018238925939 38.13873963627556

775648 1 68.903 68.903 87.976 17.633172683459126 22.514201123318287 22.514201123318287 4.4082931708647815 5.628550280829572 5.628550280829572
775648 2 44.107 46.968 46.968 66.05757111224663 66.05757111224663 70.34239463123768 16.51439277806166 16.51439277806166 17.58559865780942
775648 4 61.989 64.135 64.85 95.68518118735545 96.75191393155062 100.10137282421076 23.921295296838863 24.187978482887655 25.02534320605269
775648 8 101.089 107.05 108.004 114.90655901633272 115.93057449789818 122.76675009150352 28.72663975408318 28.982643624474544 30.69168752287588
775648 16 185.966 192.881 197.172 125.88367516685939 128.68419388120137 133.46921480270586 31.470918791714848 32.17104847030034 33.367303700676466
775648 32 351.906 361.919 380.039 130.62204668468237 137.16182902804218 141.06457974572754 32.65551167117059 34.290457257010544 35.266144936431886
775648 64 702.858 708.103 730.991 135.81965304634394 140.20974914666368 141.25604887473713 33.954913261585986 35.05243728666592 35.31401221868428
775648 128 1355.171 1410.007 1433.849 138.48451824425027 140.82617178496275 146.52459947858978 34.62112956106257 35.20654294624069 36.631149869647444
775648 256 2723.932 2763.987 2799.988 141.83338500022143 143.68076839724645 145.79357193938765 35.45834625005536 35.92019209931161 36.44839298484691
775648 512 5530.119 5611.897 5653.858 140.48169444651774 141.5320972569525 143.62503808688385 35.120423611629434 35.38302431423813 35.90625952172096

1008336 1 85.831 92.983 92.983 21.688609745867527 21.688609745867527 23.49584648903077 5.422152436466882 5.422152436466882 5.873961622257693
1008336 2 66.996 68.903 77.963 51.73407898618576 58.53655138382945 60.20275837363426 12.93351974654644 14.634137845957362 15.050689593408565
1008336 4 88.215 93.222 100.851 79.98619745961865 86.5320203385467 91.44349600408094 19.996549364904663 21.633005084636675 22.860874001020235
1008336 8 154.018 154.972 162.125 99.51195682343871 104.10510285729035 104.7499383188978 24.877989205859677 26.026275714322587 26.18748457972445
1008336 16 275.85 277.996 288.963 111.66395697719085 116.0691232967381 116.97209352909191 27.915989244297712 29.017280824184525 29.243023382272977
1008336 32 520.945 524.998 540.018 119.50250547203981 122.9214282721077 123.87776828647937 29.875626368009954 30.730357068026926 30.96944207161984
1008336 64 1017.094 1021.147 1051.903 122.69858342451728 126.3941508911058 126.89781672097172 30.67464585612932 31.59853772277645 31.72445418024293
1008336 128 2007.961 2009.153 2072.096 124.57628217997623 128.4790237478181 128.5552936536118 31.144070544994058 32.119755936954526 32.13882341340295
1008336 256 3978.968 3990.889 4146.099 124.51898326595675 129.3616615245375 129.7492294484399 31.129745816489187 32.34041538113438 32.437307362109976
1008336 512 7906.914 7952.213 8387.089 123.11018328290066 129.84260658008031 130.58647963035898 30.777545820725166 32.46065164502008 32.646619907589745

1310832 1 108.957 116.11 125.17 20.944827035232088 22.579140470243736 24.061455436548364 5.236206758808022 5.644785117560934 6.015363859137091
1310832 2 104.904 107.05 108.004 48.547535276471244 48.98017748715554 49.9821551132464 12.136883819117811 12.245044371788884 12.4955387783116
1310832 4 144.005 145.912 145.912 71.86972970009322 71.86972970009322 72.82147147668483 17.967432425023304 17.967432425023304 18.20536786917121
1310832 8 241.995 242.949 243.902 85.99073398332118 86.32804415741576 86.66836918118143 21.497683495830294 21.58201103935394 21.667092295295358
1310832 16 444.174 447.035 452.995 92.5984260311924 93.83297504669656 94.43736913912116 23.1496065077981 23.45824376167414 23.60934228478029
1310832 32 815.153 816.107 818.968 102.43776069394653 102.79687344919233 102.91717996498818 25.609440173486632 25.699218362298083 25.729294991247045
1310832 64 1581.907 1589.06 1595.974 105.13109612061349 105.58852151586473 106.065967215519 26.282774030153373 26.39713037896618 26.51649180387975
1310832 128 3116.131 3262.997 7830.858 42.852646798090326 102.84195541705985 107.68898740136407 10.713161699522582 25.710488854264963 26.92224685034102
1310832 256 6217.957 6259.918 10868.073 61.75390835155413 107.21322292081143 107.93673613374939 15.438477087888533 26.803305730202858 26.984184033437348

1704080 1 145.912 146.866 156.164 21.824236059527166 23.205915596530165 23.357640221503374 5.456059014881792 5.801478899132541 5.8394100553758435
1704080 2 158.072 159.979 162.125 42.04360832690825 42.60759224648235 43.121615466369754 10.510902081727062 10.651898061620587 10.780403866592438
1704080 4 214.1 215.054 216.961 62.834518646208295 63.3917062691231 63.674170948155066 15.708629661552074 15.847926567280775 15.918542737038766
1704080 8 360.966 364.78 367.88 74.11460258780036 74.7444487088108 75.53420543763124 18.52865064695009 18.6861121772027 18.88355135940781
1704080 16 643.015 645.876 660.181 82.59940834407533 84.42883773355877 84.80449134157057 20.649852086018832 21.10720943338969 21.201122835392642
1704080 32 1211.882 1220.942 1230.955 88.59878712056899 89.32538974005317 89.99318415489296 22.149696780142246 22.331347435013292 22.49829603872324
1704080 64 2360.106 2391.1 2411.127 90.46484901044201 91.2225502906612 92.42052687464036 22.616212252610502 22.8056375726653 23.10513171866009
1704080 128 4658.937 4683.018 4721.88 92.38787940396621 93.15455973049859 93.636054748111 23.096969850991552 23.288639932624648 23.40901368702775
1704080 256 9264.946 9269.953 9377.956 93.03615414702308 94.12010611057036 94.17097088315464 23.25903853675577 23.53002652764259 23.54274272078866

2215304 1 185.966 190.973 197.172 22.470776783721828 23.200180130175468 23.824828194401128 5.617694195930457 5.800045032543867 5.956207048600282
2215304 2 221.014 221.014 225.067 39.371458276868665 40.09346014279638 40.09346014279638 9.842864569217166 10.023365035699095 10.023365035699095
2215304 4 288.963 291.109 293.016 60.48281322521637 60.879024695217254 61.33114620210891 15.120703306304092 15.219756173804313 15.332786550527228
2215304 8 482.082 489.95 490.189 72.30856669570308 72.34383916726198 73.52455391406441 18.07714167392577 18.085959791815494 18.381138478516103
2215304 16 869.036 869.989 870.943 81.39422212475444 81.48347622786035 81.57283242581435 20.34855553118861 20.370869056965088 20.39320810645359
2215304 32 1649.857 1657.963 1660.109 85.40370300986261 85.51424609596233 85.93439067749507 21.350925752465653 21.378561523990584 21.48359766937377
2215304 64 3169.06 3194.094 3198.147 88.66350170895834 88.7760072183223 89.4772935823241 22.165875427239584 22.194001804580576 22.369323395581024
2215304 128 6284.952 6294.966 6304.979 89.94761505153308 90.09068897274425 90.23423313336363 22.48690376288327 22.52267224318606 22.558558283340908

2879888 1 237.942 243.187 244.141 23.592006258678392 23.684555506667706 24.206638592598196 5.898001564669598 5.921138876666927 6.051659648149549
2879888 2 290.155 293.97 295.877 38.93358388789937 39.186148246419705 39.701373403870356 9.733395971974842 9.796537061604926 9.925343350967589
2879888 4 371.933 379.086 384.092 59.98329566874603 60.77540188769831 61.94423189122772 14.995823917186508 15.193850471924577 15.48605797280693
2879888 8 633.955 638.962 643.015 71.65961602761989 72.11416015349896 72.68372045334448 17.914904006904973 18.02854003837474 18.17093011333612
2879888 16 1131.058 1137.018 1147.985 80.27667260460723 81.0509736873119 81.4780639012323 20.069168151151807 20.262743421827974 20.369515975308076
2879888 32 2146.959 2156.973 2161.98 85.25186726981748 85.4497631634703 85.84832407139588 21.31296681745437 21.362440790867574 21.46208101784897
2879888 64 4162.073 4177.809 4187.107 88.03827177093875 88.23420697308087 88.56780359210421 22.009567942734687 22.05855174327022 22.141950898026053
2879888 128 8224.01 8248.091 8490.086 86.83673263144803 89.38448036036459 89.64621006054224 21.709183157862007 22.346120090091148 22.41155251513556

3743848 1 306.129 309.944 310.898 24.084091888658016 24.15822213044937 24.45928350466633 6.021022972164504 6.039555532612343 6.114820876166583
3743848 2 381.947 386.953 390.053 38.39322348501358 38.70080345675056 39.208036717136146 9.598305871253395 9.67520086418764 9.802009179284036
3743848 4 492.096 494.003 498.056 60.1353743354161 60.62874921812216 60.86370139159838 15.033843583854026 15.15718730453054 15.215925347899596
3743848 8 815.868 823.975 837.088 71.55946328223557 72.69828332170272 73.42066118538783 17.889865820558892 18.17457083042568 18.355165296346957
3743848 16 1478.91 1481.056 1501.083 79.81113369480569 80.89034850809152 81.00772596033565 19.952783423701423 20.22258712702288 20.251931490083912
3743848 32 2779.007 2803.087 2808.094 85.32701255727194 85.47942750260695 86.22010379966657 21.331753139317986 21.369856875651738 21.555025949916644
3743848 64 5439.997 5450.01 5465.031 87.68706783182017 87.92874581881502 88.09058975583994 21.921766957955043 21.982186454703754 22.022647438959986
3743848 128 10703.087 10706.902 10751.963 89.13954484404383 89.51469696836676 89.54660351728431 22.284886211010956 22.37867424209169 22.386650879321078

4867000 1 396.967 399.828 422.955 23.014268657422186 24.345468551477136 24.52092995135616 5.753567164355546 6.086367137869284 6.13023248783904
4867000 2 510.931 513.077 518.084 37.57691802873666 37.94362249720802 38.102992380575856 9.394229507184164 9.485905624302005 9.525748095143964
4867000 4 640.154 643.015 643.969 60.462537792968284 60.552242171644515 60.82286449823011 15.115634448242071 15.138060542911129 15.205716124557528
4867000 8 1069.069 1075.029 1107.931 70.28596546174808 72.4371156499034 72.84094852624105 17.57149136543702 18.10927891247585 18.210237131560262
4867000 16 1919.031 1936.913 1967.907 79.14195132188665 80.4083611396072 81.1576259059911 19.785487830471663 20.1020902849018 20.289406476497774
4867000 32 3623.009 3643.036 3648.043 85.38495845580766 85.50231180806338 85.97494513538332 21.346239613951916 21.375577952015846 21.49373628384583
4867000 64 7061.958 7062.912 7081.985 87.96629758464611 88.20384566592362 88.21576112460596 21.99157439616153 22.050961416480906 22.05394028115149

6327096 1 510.931 513.792 520.945 24.2908406837574 24.629017189835576 24.76692938968276 6.07271017093935 6.157254297458894 6.19173234742069
6327096 2 685.93 689.983 690.937 36.629076167581125 36.679721094577694 36.89645299082997 9.157269041895281 9.169930273644423 9.224113247707493
6327096 4 828.981 834.942 838.995 60.33023796327749 60.623094777840855 61.05902065306684 15.082559490819373 15.155773694460214 15.26475516326671
6327096 8 1386.166 1389.027 1453.161 69.66436341189998 72.88089864343888 73.03132236687381 17.416090852974996 18.22022466085972 18.257830591718452
6327096 16 2501.965 2506.018 2508.879 80.70021392024087 80.79234546599426 80.92322314660676 20.175053480060217 20.198086366498565 20.23080578665169
6327096 32 4745.007 4760.981 4820.108 84.00935082782377 85.05266960737713 85.3389982354083 21.00233770695594 21.26316740184428 21.334749558852074
6327096 64 9191.99 9216.07 9225.13 87.78936318512585 87.87566587493367 88.10587130751883 21.947340796281463 21.96891646873342 22.026467826879706

8225224 1 657.797 663.996 676.87 24.303703813139894 24.774920330845365 25.00839620734056 6.075925953284973 6.193730082711341 6.25209905183514
8225224 2 907.898 926.971 1006.126 32.70057229412618 35.49290754511198 36.23853780931338 8.175143073531546 8.873226886277996 9.059634452328345
8225224 4 1094.103 1095.057 1131.058 58.17720399838028 60.08983276669616 60.14222792552437 14.54430099959507 15.02245819167404 15.035556981381092
8225224 8 1820.087 1825.094 1830.816 71.88247426284235 72.10783882912332 72.30620514294097 17.970618565710588 18.02695970728083 18.076551285735242
8225224 16 3275.871 3299.952 3312.111 79.46809995196416 79.76090803745024 80.34723223228265 19.86702498799104 19.94022700936256 20.086808058070662
8225224 32 6197.929 6217.003 6237.984 84.38853578335564 84.67332829017454 84.9339087298354 21.09713394583891 21.168332072543635 21.23347718245885
8225224 64 12023.926 12063.026 12173.891 86.48251179511958 87.27732759591167 87.56114034633946 21.620627948779894 21.819331898977918 21.890285086584864

10692784 1 853.062 893.831 898.123 23.811402224416923 23.92573987700136 25.069183717010016 5.952850556104231 5.98143496925034 6.267295929252504
10692784 2 1299.143 1343.966 1349.926 31.684059718829033 31.82456699053399 32.92257742219294 7.921014929707258 7.956141747633498 8.230644355548234
10692784 4 1446.009 1477.957 1573.086 54.37863664160764 57.87872854217004 59.157496253481135 13.59465916040191 14.46968213554251 14.789374063370284
10692784 8 2406.836 2414.942 2453.089 69.74249364780488 70.84416271695137 71.08275927400122 17.43562341195122 17.711040679237843 17.770689818500305
10692784 16 4324.198 4355.907 4376.888 78.1763408156663 78.5528910511634 79.12891315337549 19.544085203916573 19.63822276279085 19.782228288343873
10692784 32 8121.014 8177.996 8203.983 83.41535763786932 83.6804243973707 84.26757742321341 20.85383940946733 20.920106099342675 21.066894355803353

13900616 1 1115.084 1151.085 1178.98 23.580749461398835 24.15219727474513 24.93196207639962 5.895187365349709 6.038049318686283 6.232990519099905
13900616 2 1833.916 1895.189 1927.137 28.8523670086766 29.338743523732987 30.318980803919047 7.21309175216915 7.334685880933247 7.579745200979762
13900616 4 1915.932 2151.012 2197.981 50.59412615486666 51.698887779333624 58.04221026633513 12.648531538716664 12.924721944833406 14.510552566583783
13900616 8 3141.88 3232.956 3294.945 67.50032428462387 68.79458180068025 70.78878123925801 16.875081071155968 17.198645450170062 17.697195309814504
13900616 16 5800.009 5878.925 5947.113 74.79590719059819 75.66344391193968 76.69293478682533 18.698976797649546 18.91586097798492 19.173233696706333
13900616 32 11005.878 11097.908 11222.124 79.27549401521495 80.16280401675702 80.83311699439153 19.818873503803736 20.040701004189255 20.208279248597883

18070800 1 1469.851 1471.043 1471.043 24.568690378187455 24.568690378187455 24.588614764353665 6.142172594546864 6.142172594546864 6.147153691088416
18070800 2 2461.91 2519.846 2577.782 28.04085062274467 28.685562530408607 29.36061838166302 7.010212655686168 7.171390632602152 7.340154595415755
18070800 4 2895.117 3008.127 3041.029 47.53864563606596 48.05860922760243 49.93456223012749 11.88466140901649 12.014652306900608 12.483640557531873
18070800 8 4518.986 4539.013 4550.219 63.54261190505336 63.69948709113634 63.981787064620256 15.88565297626334 15.924871772784085 15.995446766155064
18070800 16 8219.957 8515.12 8801.937 65.6975390757739 67.91044635894738 70.34898114430526 16.424384768943476 16.977611589736846 17.587245286076314
18070800 32 15511.036 15724.182 16342.878 70.76667891665103 73.5511201790974 74.56182810741979 17.691669729162758 18.38778004477435 18.640457026854946

23492040 1 1876.116 1901.15 1950.979 24.082309445668045 24.713504983825576 25.04327024554985 6.020577361417011 6.178376245956394 6.260817561387462
23492040 2 3330.946 3373.146 3568.888 26.329814777039793 27.857720952487675 28.21065246929851 6.582453694259948 6.964430238121919 7.052663117324627
23492040 4 4301.071 4487.038 4900.932 38.34705725359992 41.88427198521608 43.69523776752348 9.58676431339998 10.47106799630402 10.92380944188087
23492040 8 6598.949 7106.066 7375.956 50.95917600376141 52.89461707785996 56.95947036414435 12.739794000940352 13.22365426946499 14.239867591036088
23492040 16 12031.078 12422.085 12521.982 60.0340489229261 60.51683594179238 62.48361784372107 15.008512230731524 15.129208985448095 15.620904460930268
23492040 32 23041.964 23252.01 23676.872 63.50038805801712 64.66067062589427 65.25010454837964 15.87509701450428 16.165167656473567 16.31252613709491

30539648 1 2454.996 2459.049 2462.149 24.807311011640646 24.838584347038225 24.879590842510535 6.2018277529101615 6.209646086759556 6.219897710627634
30539648 2 4484.177 4486.084 4573.107 26.712384381122067 27.23056278036702 27.242143207103556 6.678096095280517 6.807640695091755 6.810535801775889
30539648 4 6196.022 6263.018 6304.026 38.7557386343267 39.00949733818424 39.43129704833198 9.688934658581674 9.75237433454606 9.857824262082994
30539648 8 9805.918 9911.06 10345.936 47.22959507965253 49.301928148956826 49.830558240442144 11.807398769913133 12.325482037239206 12.457639560110536
30539648 16 17417.908 17962.933 18356.085 53.23949720215395 54.404742031827425 56.107124690290014 13.309874300538487 13.601185507956856 14.026781172572504
30539648 32 33338.07 33576.965 34914.97 55.97992700552226 58.21066531772602 58.627793150593305 13.994981751380566 14.552666329431505 14.656948287648326

39701536 1 3190.041 3201.008 3220.081 24.65871883347034 24.80564622144025 24.89092522635289 6.164679708367585 6.201411555360062 6.222731306588223
39701536 2 6053.925 6145.0 6271.839 25.320507111231652 25.843147925142393 26.231931185140223 6.330126777807913 6.460786981285598 6.557982796285056
39701536 4 8744.001 8931.16 9319.067 34.08198352903784 35.56226604382857 36.323450557702365 8.52049588225946 8.890566510957143 9.080862639425591
39701536 8 14203.072 14353.037 14677.048 43.28013208105609 44.257154496292316 44.72444947121299 10.820033020264022 11.064288624073079 11.181112367803248
39701536 16 24934.053 25160.074 25201.082 50.41248435285438 50.49465085039098 50.952372323905784 12.603121088213594 12.623662712597746 12.738093080976446
39701536 32 47273.159 47634.125 48333.883 52.5697118934144 53.34197498117159 53.74928093974003 13.1424279733536 13.335493745292897 13.437320234935008

51611992 1 4113.913 4180.908 4237.175 24.361510676335058 24.689369868937558 25.09143581791837 6.0903776690837645 6.172342467234389 6.2728589544795925
51611992 2 12713.909 12857.914 12937.069 15.957862480288235 16.056101168509915 16.237961747248626 3.9894656200720586 4.014025292127479 4.0594904368121565
51611992 4 11765.003 11937.141 12026.072 34.333399633729115 34.589181446378156 35.09526822900087 8.583349908432279 8.647295361594539 8.773817057250218
51611992 8 18573.046 19032.001 19620.18 42.08890397539676 43.38965051546603 44.46184390002588 10.52222599384919 10.847412628866508 11.11546097500647
51611992 16 32721.043 34566.164 34738.064 47.54392023689058 47.78035954466918 50.47466683748437 11.885980059222645 11.945089886167295 12.618666709371093
51611992 32 61094.999 64650.059 64840.078 50.94329911200909 51.09303129947647 54.06608629292227 12.735824778002273 12.773257824869118 13.516521573230568

67095584 1 5325.794 5338.907 5414.009 24.785915206273206 25.134576796336777 25.19646234908823 6.196478801568301 6.283644199084194 6.299115587272057
67095584 2 10425.091 10593.176 10806.084 24.836225222754145 25.335398562244222 25.74388425002717 6.209056305688536 6.333849640561056 6.435971062506792
67095584 4 15262.842 15329.123 15657.187 34.282318528864735 35.01600659085324 35.16806843705779 8.570579632216184 8.75400164771331 8.792017109264448
67095584 8 25918.007 25962.83 25996.208 41.29561296016711 41.34870289563965 41.42021197849048 10.323903240041778 10.337175723909912 10.35505299462262
67095584 16 45894.146 46246.052 46802.044 45.87531877881231 46.426853647961124 46.782844330516575 11.468829694703077 11.606713411990281 11.695711082629144
67095584 32 85769.892 86558.819 86731.911 49.510235926889706 49.609241734224675 50.06555652419383 12.377558981722427 12.402310433556169 12.516389131048458

87224256 1 7012.844 11591.911 11651.993 14.971559972615841 15.049159021320989 24.875572877423195 3.7428899931539603 3.7622897553302472 6.218893219355799
87224256 2 13916.969 14149.904 18490.076 18.86942076387355 24.65720078383571 25.069900206000316 4.717355190968387 6.164300195958927 6.267475051500079
87224256 4 20513.058 20566.94 20788.908 33.56569031908747 33.9279468895227 34.0170660074183 8.391422579771868 8.481986722380675 8.504266501854575
87224256 8 33540.01 33936.024 33972.025 41.08050950745503 41.124089728366535 41.609650563610444 10.270127376863757 10.281022432091634 10.402412640902611
87224256 16 60688.972 60776.949 60804.129 45.9043857366989 45.9249145922083 45.99148906328484 11.476096434174725 11.481228648052076 11.49787226582121
87224256 32 114110.947 114271.879 114372.015 48.808726365448756 48.85149726119407 48.92039309778053 12.202181591362189 12.212874315298517 12.230098274445133

113391528 1 9100.914 9126.902 9166.956 24.739188886692595 24.84775841791662 24.918712120562837 6.184797221673149 6.211939604479155 6.229678030140709
113391528 2 18143.892 18190.145 18241.167 24.86497229042418 24.934716683127043 24.998281074424387 6.216243072606045 6.233679170781761 6.249570268606097
113391528 4 26957.989 26958.942 27024.984 33.56642964154946 33.648658170635926 33.64984769449976 8.391607410387365 8.412164542658982 8.41246192362494
113391528 8 44418.097 44466.019 44593.096 40.68487301262958 40.80114408263083 40.84516380789569 10.171218253157395 10.200286020657707 10.211290951973922
113391528 16 83825.111 84172.01 84343.91 43.020638905642386 43.10849765854469 43.286896405064105 10.755159726410596 10.777124414636173 10.821724101266026
113391528 32 149340.153 149669.886 149818.897 48.438868108874146 48.487093736411346 48.59414997385198 12.109717027218537 12.121773434102836 12.148537493462994

147408984 1 11764.05 11868.0 11900.902 24.77274142749852 24.841419615773507 25.06092442653678 6.19318535687463 6.210354903943377 6.265231106634195
147408984 2 23772.955 23797.035 23963.928 24.605145533737208 24.777705962108303 24.802803690159678 6.151286383434302 6.194426490527076 6.2007009225399194
147408984 4 34987.211 35315.037 35385.847 33.3260885912947 33.39291056101683 33.705798155788976 8.331522147823675 8.348227640254208 8.426449538947244
147408984 8 57738.066 57957.172 58083.057 40.60639824794345 40.694596761898595 40.849025736331384 10.151599561985863 10.173649190474649 10.212256434082846
147408984 16 103287.935 107802.153 108253.956 43.57427351661864 43.75689498520497 45.66929804531381 10.89356837915466 10.939223746301243 11.417324511328452
147408984 32 195372.82 199239.969 200946.808 46.948618243291534 47.350815317583184 48.28806266910617 11.737154560822884 11.837703829395796 12.072015667276542

191631672 1 15434.98 15666.008 15942.097 24.040961737969607 24.464646258319288 24.83082867616285 6.010240434492402 6.116161564579822 6.207707169040712
191631672 2 30680.895 30944.109 32094.955 23.88308966315734 24.771328461905302 24.98384378943313 5.970772415789335 6.1928321154763255 6.245960947358283
191631672 4 45846.939 45968.056 46370.029 33.06129862459219 33.35040698697374 33.43851104214395 8.265324656148048 8.337601746743434 8.359627760535988
191631672 8 75375.08 75544.834 75790.882 40.454823470717756 40.58658401446748 40.677990020043765 10.113705867679439 10.14664600361687 10.169497505010941
191631672 16 139276.028 139644.146 140667.915 43.59354799564634 43.91314408553868 44.02921013801456 10.898386998911585 10.97828602138467 11.00730253450364
191631672 32 253216.028 253706.932 254203.081 48.24657104765776 48.34092198947091 48.43463940600159 12.06164276191444 12.085230497367727 12.108659851500397

249121168 1 19908.19 19959.927 20087.004 24.80421351038711 24.962132176134713 25.027003258457952 6.201053377596778 6.240533044033678 6.256750814614488
249121168 2 44098.854 44697.046 44862.032 22.212205456944083 22.294195280824596 22.596611512852466 5.553051364236021 5.573548820206149 5.649152878213116
249121168 4 58465.004 59510.946 59585.094 33.44744818225847 33.489122219633344 34.08824437949239 8.361862045564617 8.372280554908336 8.522061094873097
249121168 8 96415.997 98199.129 98253.012 40.568106838292145 40.59036702861184 41.34105140249704 10.142026709573036 10.14759175715296 10.33526285062426
249121168 16 174834.013 175162.792 175225.973 45.494838690380675 45.51124862179635 45.596833471985796 11.373709672595169 11.377812155449087 11.399208367996449
249121168 32 333254.099 333981.037 334367.99 47.68325685721292 47.73850304560854 47.842636594246365 11.92081421430323 11.934625761402135 11.960659148561591

323857512 1 26179.075 26193.857 26309.013 24.619510583692367 24.727745287759646 24.74170779525251 6.154877645923092 6.1819363219399115 6.185426948813127
323857512 2 51688.91 52002.907 52039.862 24.89303388237271 24.910723702426868 25.062050021948615 6.223258470593177 6.227680925606717 6.265512505487154
323857512 4 76866.865 77342.987 77509.88 33.42619155132223 33.49831958261452 33.70581193860319 8.356547887830558 8.37457989565363 8.426452984650798
323857512 8 131746.054 131773.949 131969.213 39.26461387626825 39.32279658705531 39.331122524550146 9.816153469067062 9.830699146763827 9.832780631137537
323857512 16 227265.12 227578.163 227995.872 45.45450886058148 45.5379384708365 45.60066403502658 11.36362721514537 11.384484617709125 11.400166008756646
323857512 32 432665.825 432796.001 432868.958 47.88257597348896 47.89064760328042 47.905056443965734 11.97064399337224 11.972661900820105 11.976264110991433

421014760 1 33730.03 33854.961 34015.894 24.75400234960751 24.871673017139198 24.963793984173744 6.188500587401878 6.2179182542847995 6.240948496043436
421014760 2 67881.823 72401.047 72865.963 23.111737918018044 23.26014760532399 24.808689065407094 5.777934479504511 5.8150369013309975 6.2021722663517735
421014760 4 100565.91 101013.899 105183.125 32.021468082451435 33.34311528753088 33.491648213594445 8.005367020612859 8.33577882188272 8.372912053398611
421014760 8 165526.152 165544.987 166141.987 40.545055958672265 40.691272397152076 40.695902602750046 10.136263989668066 10.172818099288019 10.173975650687511
421014760 16 300481.081 300530.195 300679.922 44.806690883736486 44.82901400306881 44.836341360206966 11.201672720934122 11.207253500767202 11.209085340051741
421014760 32 561114.073 561402.082 562303.066 47.918900445760684 47.995804618337694 48.020439936461905 11.979725111440171 11.998951154584423 12.005109984115476

META_DATA
FLOPS          4
ERT_VERSION  1.1.0
HOSTNAME  ('dev-amd24.i', ['dev-amd24'], ['192.168.17.192'])
UNAME  uname_result(system='Linux', node='dev-amd24', release='5.15.0-126-generic', version='#136-Ubuntu SMP Wed Nov 6 10:38:22 UTC 2024', machine='x86_64')
TIMESTAMP_DATA  1759348042.258221
CONFIG  {'ERT_RESULTS': ['Results.EPYC9654.01'], 'ERT_DRIVER': ['driver1'], 'ERT_KERNEL': ['kernel1'], 'ERT_HIP': ['False'], 'ERT_GPU': ['False'], 'ERT_GPU_CFLAGS': ['-O3', '-gencode', 'arch=compute_70,code=sm_70'], 'ERT_GPU_LDFLAGS': [], 'ERT_FLOPS': ['1,2,4'], 'ERT_ALIGN': ['64'], 'ERT_CC': ['g++'], 'ERT_CFLAGS': ['-O3', '-march=native', '-fopenmp'], 'ERT_LD': ['g++'], 'ERT_LDFLAGS': ['-fopenmp'], 'ERT_LDLIBS': [], 'ERT_RUN': ['srun', '-n', '1', './ERT_CODE'], 'ERT_PRECISION': ['FP64'], 'ERT_BLOCKS_THREADS': ['16384'], 'ERT_GPU_BLOCKS': ['8192,4096,2048,1024'], 'ERT_GPU_THREADS': ['32,64,128,256'], 'ERT_NUM_EXPERIMENTS': ['3'], 'ERT_WSS_MULT': ['1.3'], 'ERT_MEMORY_MAX': ['536870912'], 'ERT_WORKING_SET_MIN': ['512'], 'ERT_TRIALS_MIN': ['32'], 'ERT_GNUPLOT': ['gnuplot'], 'ERT_MPI': [False], 'ERT_OPENMP': [False], 'ERT_OCL': [False], 'ERT_SYCL': [False]}
TIMESTAMP_DATA  1759348061.040741
TIMESTAMP_DATA  1759348082.0854104
