srun: job 62475614 queued and waiting for resources
srun: job 62475614 has been allocated resources
fp64
        4096            1           0.954         8192         2048
        4096            2           0.000        16384         4096
        4096            4           0.954        32768         8192
        4096            8           0.954        65536        16384
        4096           16           0.954       131072        32768
        4096           32           0.954       262144        65536
        4096           64           2.861       524288       131072
        4096          128           5.007      1048576       262144
        4096          256           9.060      2097152       524288
        4096          512          15.974      4194304      1048576
        4096         1024          32.902      8388608      2097152
        4096         2048          66.996     16777216      4194304
        4096         4096         133.991     33554432      8388608
        4096         8192         267.982     67108864     16777216
        4096        16384         534.058    134217728     33554432
        4096        32768        1068.115    268435456     67108864
        4096        65536        2140.999    536870912    134217728
        4096       131072        4267.931   1073741824    268435456
        5320            1           0.954        10640         2660
        5320            2           0.954        21280         5320
        5320            4           0.000        42560        10640
        5320            8           0.954        85120        21280
        5320           16           0.954       170240        42560
        5320           32           1.907       340480        85120
        5320           64           3.815       680960       170240
        5320          128          16.928      1361920       340480
        5320          256          10.967      2723840       680960
        5320          512          23.127      5447680      1361920
        5320         1024          44.107     10895360      2723840
        5320         2048          89.884     21790720      5447680
        5320         4096         177.860     43581440     10895360
        5320         8192         356.197     87162880     21790720
        5320        16384         713.825    174325760     43581440
        5320        32768        1426.935    348651520     87162880
        5320        65536        2870.083    697303040    174325760
        6912            1           0.954        13824         3456
        6912            2           0.954        27648         6912
        6912            4           0.954        55296        13824
        6912            8           1.192       110592        27648
        6912           16           1.907       221184        55296
        6912           32           3.099       442368       110592
        6912           64           5.007       884736       221184
        6912          128          16.928      1769472       442368
        6912          256          14.067      3538944       884736
        6912          512          29.087      7077888      1769472
        6912         1024          56.982     14155776      3538944
        6912         2048         113.010     28311552      7077888
        6912         4096         226.021     56623104     14155776
        6912         8192         452.995    113246208     28311552
        6912        16384         905.037    226492416     56623104
        6912        32768        1816.988    452984832    113246208
        6912        65536        3623.962    905969664    226492416
        8984            1           1.192        17968         4492
        8984            2           0.954        35936         8984
        8984            4           0.000        71872        17968
        8984            8           0.954       143744        35936
        8984           16           1.907       287488        71872
        8984           32           3.099       574976       143744
        8984           64          15.974      1149952       287488
        8984          128          10.014      2299904       574976
        8984          256          18.835      4599808      1149952
        8984          512          37.909      9199616      2299904
        8984         1024          76.056     18399232      4599808
        8984         2048         150.919     36798464      9199616
        8984         4096         308.990     73596928     18399232
        8984         8192         602.961    147193856     36798464
        8984        16384        1206.160    294387712     73596928
        8984        32768        2414.942    588775424    147193856
       11672            1           2.146        23344         5836
       11672            2           0.954        46688        11672
       11672            4           0.954        93376        23344
       11672            8           0.954       186752        46688
       11672           16           3.099       373504        93376
       11672           32           5.007       747008       186752
       11672           64          15.974      1494016       373504
       11672          128          12.159      2988032       747008
       11672          256          24.080      5976064      1494016
       11672          512          47.922     11952128      2988032
       11672         1024          96.083     23904256      5976064
       11672         2048         190.973     47808512     11952128
       11672         4096         382.185     95617024     23904256
       11672         8192         772.953    191234048     47808512
       11672        16384        1528.025    382468096     95617024
       11672        32768        3072.023    764936192    191234048
       15168            1           1.907        30336         7584
       15168            2           0.000        60672        15168
       15168            4           0.954       121344        30336
       15168            8           1.192       242688        60672
       15168           16           2.861       485376       121344
       15168           32          15.974       970752       242688
       15168           64           7.868      1941504       485376
       15168          128          26.941      3883008       970752
       15168          256          30.994      7766016      1941504
       15168          512          61.989     15532032      3883008
       15168         1024         123.024     31064064      7766016
       15168         2048         247.002     62128128     15532032
       15168         4096         494.003    124256256     31064064
       15168         8192         988.960    248512512     62128128
       15168        16384        1981.974    497025024    124256256
       15168        32768        3968.000    994050048    248512512
       19712            1           1.907        39424         9856
       19712            2           0.954        78848        19712
       19712            4           0.954       157696        39424
       19712            8           2.146       315392        78848
       19712           16           4.053       630784       157696
       19712           32          16.928      1261568       315392
       19712           64          10.014      2523136       630784
       19712          128          20.027      5046272      1261568
       19712          256          41.008     10092544      2523136
       19712          512          80.824     20185088      5046272
       19712         1024         161.171     40370176     10092544
       19712         2048         321.865     80740352     20185088
       19712         4096         651.121    161480704     40370176
       19712         8192        1283.884    322961408     80740352
       19712        16384        2565.861    645922816    161480704
       25624            1           2.146        51248        12812
       25624            2           1.192       102496        25624
       25624            4           0.954       204992        51248
       25624            8           3.099       409984       102496
       25624           16           5.960       819968       204992
       25624           32          17.881      1639936       409984
       25624           64          14.067      3279872       819968
       25624          128          26.941      6559744      1639936
       25624          256          53.167     13119488      3279872
       25624          512         105.858     26238976      6559744
       25624         1024         211.000     52477952     13119488
       25624         2048         420.809    104955904     26238976
       25624         4096         845.909    209911808     52477952
       25624         8192        1682.997    419823616    104955904
       25624        16384        3370.047    839647232    209911808
       33304            1           2.861        66608        16652
       33304            2           0.954       133216        33304
       33304            4           2.146       266432        66608
       33304            8           3.099       532864       133216
       33304           16          15.974      1065728       266432
       33304           32           9.060      2131456       532864
       33304           64          19.073      4262912      1065728
       33304          128          36.001      8525824      2131456
       33304          256          72.956     17051648      4262912
       33304          512         144.958     34103296      8525824
       33304         1024         356.913     68206592     17051648
       33304         2048         623.941    136413184     34103296
       33304         4096        1155.853    272826368     68206592
       33304         8192        2388.000    545652736    136413184
       43288            1           4.053        86576        21644
       43288            2           1.907       173152        43288
       43288            4           4.053       346304        86576
       43288            8          15.020       692608       173152
       43288           16          10.014      1385216       346304
       43288           32          20.027      2770432       692608
       43288           64          39.101      5540864      1385216
       43288          128          77.009     11081728      2770432
       43288          256         152.111     22163456      5540864
       43288          512         299.931     44326912     11081728
       43288         1024         590.086     88653824     22163456
       43288         2048        1153.946    177307648     44326912
       43288         4096        2318.859    354615296     88653824
       43288         8192        4641.056    709230592    177307648
       56272            1           5.007       112544        28136
       56272            2           3.099       225088        56272
       56272            4           4.053       450176       112544
       56272            8           7.868       900352       225088
       56272           16          25.034      1800704       450176
       56272           32          27.180      3601408       900352
       56272           64          48.876      7202816      1800704
       56272          128         105.143     14405632      3601408
       56272          256         192.881     28811264      7202816
       56272          512         383.854     57622528     14405632
       56272         1024         766.993    115245056     28811264
       56272         2048        1501.799    230490112     57622528
       56272         4096        3042.936    460980224    115245056
       56272         8192        5999.088    921960448    230490112
       73152            1           5.960       146304        36576
       73152            2           2.861       292608        73152
       73152            4           5.007       585216       146304
       73152            8          18.835      1170432       292608
       73152           16          16.928      2340864       585216
       73152           32          34.094      4681728      1170432
       73152           64          65.088      9363456      2340864
       73152          128         128.031     18726912      4681728
       73152          256         253.916     37453824      9363456
       73152          512         488.997     74907648     18726912
       73152         1024         986.099    149815296     37453824
       73152         2048        1948.118    299630592     74907648
       73152         4096        3926.992    599261184    149815296
       95096            1           6.914       190192        47548
       95096            2           5.007       380384        95096
       95096            4          17.166       760768       190192
       95096            8          11.921      1521536       380384
       95096           16          22.173      3043072       760768
       95096           32          41.962      6086144      1521536
       95096           64          82.970     12172288      3043072
       95096          128         164.986     24344576      6086144
       95096          256         328.064     48689152     12172288
       95096          512         653.028     97378304     24344576
       95096         1024        1302.958    194756608     48689152
       95096         2048        2771.139    389513216     97378304
       95096         4096        5095.005    779026432    194756608
      123624            1           8.821       247248        61812
      123624            2           5.960       494496       123624
      123624            4          20.027       988992       247248
      123624            8          16.212      1977984       494496
      123624           16          30.041      3955968       988992
      123624           32          53.883      7911936      1977984
      123624           64         106.096     15823872      3955968
      123624          128         209.093     31647744      7911936
      123624          256         415.087     63295488     15823872
      123624          512         834.942    126590976     31647744
      123624         1024        1685.143    253181952     63295488
      123624         2048        3337.860    506363904    126590976
      123624         4096        6661.892   1012727808    253181952
      160704            1          12.875       321408        80352
      160704            2          17.881       642816       160704
      160704            4          13.113      1285632       321408
      160704            8          20.981      2571264       642816
      160704           16          38.147      5142528      1285632
      160704           32          72.956     10285056      2571264
      160704           64         138.044     20570112      5142528
      160704          128         271.082     41140224     10285056
      160704          256         557.184     82280448     20570112
      160704          512        1071.930    164560896     41140224
      160704         1024        2141.953    329121792     82280448
      160704         2048        4288.912    658243584    164560896
      208912            1          16.928       417824       104456
      208912            2           9.775       835648       208912
      208912            4          15.020      1671296       417824
      208912            8          27.895      3342592       835648
      208912           16          50.068      6685184      1671296
      208912           32          91.076     13370368      3342592
      208912           64         184.059     26740736      6685184
      208912          128         361.919     53481472     13370368
      208912          256         716.925    106962944     26740736
      208912          512        1398.087    213925888     53481472
      208912         1024        2809.048    427851776    106962944
      208912         2048        5589.008    855703552    213925888
      271584            1          30.994       543168       135792
      271584            2          11.921      1086336       271584
      271584            4          20.027      2172672       543168
      271584            8          33.855      4345344      1086336
      271584           16          64.850      8690688      2172672
      271584           32         123.024     17381376      4345344
      271584           64         231.981     34762752      8690688
      271584          128         468.969     69525504     17381376
      271584          256         916.004    139051008     34762752
      271584          512        1977.921    278102016     69525504
      271584         1024        3680.944    556204032    139051008
      353056            1          36.001       706112       176528
      353056            2          18.120      1412224       353056
      353056            4          28.849      2824448       706112
      353056            8          46.968      5648896      1412224
      353056           16          84.877     11297792      2824448
      353056           32         155.210     22595584      5648896
      353056           64         309.944     45191168     11297792
      353056          128         596.046     90382336     22595584
      353056          256        1184.940    180764672     45191168
      353056          512        2367.020    361529344     90382336
      353056         1024        4722.834    723058688    180764672
      458968            1          44.107       917936       229484
      458968            2          25.034      1835872       458968
      458968            4          36.001      3671744       917936
      458968            8          57.936      7343488      1835872
      458968           16         112.057     14686976      3671744
      458968           32         207.186     29373952      7343488
      458968           64         403.881     58747904     14686976
      458968          128         795.126    117495808     29373952
      458968          256        1574.993    234991616     58747904
      458968          512        3145.933    469983232    117495808
      458968         1024        6184.816    939966464    234991616
      596656            1          56.028      1193312       298328
      596656            2          30.041      2386624       596656
      596656            4          44.823      4773248      1193312
      596656            8          79.870      9546496      2386624
      596656           16         140.190     19092992      4773248
      596656           32         274.897     38185984      9546496
      596656           64         524.998     76371968     19092992
      596656          128        1045.942    152743936     38185984
      596656          256        2029.896    305487872     76371968
      596656          512        4050.016    610975744    152743936
      775648            1          68.903      1551296       387824
      775648            2          46.968      3102592       775648
      775648            4          64.135      6205184      1551296
      775648            8         101.089     12410368      3102592
      775648           16         192.881     24820736      6205184
      775648           32         361.919     49641472     12410368
      775648           64         708.103     99282944     24820736
      775648          128        1410.007    198565888     49641472
      775648          256        2763.987    397131776     99282944
      775648          512        5530.119    794263552    198565888
     1008336            1          85.831      2016672       504168
     1008336            2          77.963      4033344      1008336
     1008336            4          88.215      8066688      2016672
     1008336            8         154.972     16133376      4033344
     1008336           16         277.996     32266752      8066688
     1008336           32         524.998     64533504     16133376
     1008336           64        1021.147    129067008     32266752
     1008336          128        2007.961    258134016     64533504
     1008336          256        3990.889    516268032    129067008
     1008336          512        7952.213   1032536064    258134016
     1310832            1         108.957      2621664       655416
     1310832            2         107.050      5243328      1310832
     1310832            4         145.912     10486656      2621664
     1310832            8         242.949     20973312      5243328
     1310832           16         444.174     41946624     10486656
     1310832           32         818.968     83893248     20973312
     1310832           64        1595.974    167786496     41946624
     1310832          128        7830.858    335572992     83893248
     1310832          256        6259.918    671145984    167786496
     1704080            1         145.912      3408160       852040
     1704080            2         159.979      6816320      1704080
     1704080            4         216.961     13632640      3408160
     1704080            8         364.780     27265280      6816320
     1704080           16         645.876     54530560     13632640
     1704080           32        1220.942    109061120     27265280
     1704080           64        2391.100    218122240     54530560
     1704080          128        4683.018    436244480    109061120
     1704080          256        9269.953    872488960    218122240
     2215304            1         185.966      4430608      1107652
     2215304            2         221.014      8861216      2215304
     2215304            4         291.109     17722432      4430608
     2215304            8         482.082     35444864      8861216
     2215304           16         870.943     70889728     17722432
     2215304           32        1660.109    141779456     35444864
     2215304           64        3198.147    283558912     70889728
     2215304          128        6294.966    567117824    141779456
     2879888            1         243.187      5759776      1439944
     2879888            2         293.970     11519552      2879888
     2879888            4         371.933     23039104      5759776
     2879888            8         633.955     46078208     11519552
     2879888           16        1137.018     92156416     23039104
     2879888           32        2161.980    184312832     46078208
     2879888           64        4177.809    368625664     92156416
     2879888          128        8490.086    737251328    184312832
     3743848            1         310.898      7487696      1871924
     3743848            2         390.053     14975392      3743848
     3743848            4         498.056     29950784      7487696
     3743848            8         823.975     59901568     14975392
     3743848           16        1501.083    119803136     29950784
     3743848           32        2808.094    239606272     59901568
     3743848           64        5465.031    479212544    119803136
     3743848          128       10703.087    958425088    239606272
     4867000            1         399.828      9734000      2433500
     4867000            2         518.084     19468000      4867000
     4867000            4         640.154     38936000      9734000
     4867000            8        1107.931     77872000     19468000
     4867000           16        1967.907    155744000     38936000
     4867000           32        3648.043    311488000     77872000
     4867000           64        7081.985    622976000    155744000
     6327096            1         513.792     12654192      3163548
     6327096            2         685.930     25308384      6327096
     6327096            4         834.942     50616768     12654192
     6327096            8        1389.027    101233536     25308384
     6327096           16        2508.879    202467072     50616768
     6327096           32        4760.981    404934144    101233536
     6327096           64        9225.130    809868288    202467072
     8225224            1         663.996     16450448      4112612
     8225224            2         926.971     32900896      8225224
     8225224            4        1095.057     65801792     16450448
     8225224            8        1820.087    131603584     32900896
     8225224           16        3275.871    263207168     65801792
     8225224           32        6217.003    526414336    131603584
     8225224           64       12063.026   1052828672    263207168
    10692784            1         893.831     21385568      5346392
    10692784            2        1349.926     42771136     10692784
    10692784            4        1477.957     85542272     21385568
    10692784            8        2414.942    171084544     42771136
    10692784           16        4324.198    342169088     85542272
    10692784           32        8203.983    684338176    171084544
    13900616            1        1151.085     27801232      6950308
    13900616            2        1927.137     55602464     13900616
    13900616            4        2197.981    111204928     27801232
    13900616            8        3232.956    222409856     55602464
    13900616           16        5947.113    444819712    111204928
    13900616           32       11097.908    889639424    222409856
    18070800            1        1471.043     36141600      9035400
    18070800            2        2577.782     72283200     18070800
    18070800            4        3008.127    144566400     36141600
    18070800            8        4518.986    289132800     72283200
    18070800           16        8801.937    578265600    144566400
    18070800           32       16342.878   1156531200    289132800
    23492040            1        1876.116     46984080     11746020
    23492040            2        3330.946     93968160     23492040
    23492040            4        4301.071    187936320     46984080
    23492040            8        6598.949    375872640     93968160
    23492040           16       12031.078    751745280    187936320
    23492040           32       23252.010   1503490560    375872640
    30539648            1        2459.049     61079296     15269824
    30539648            2        4486.084    122158592     30539648
    30539648            4        6304.026    244317184     61079296
    30539648            8        9805.918    488634368    122158592
    30539648           16       17417.908    977268736    244317184
    30539648           32       34914.970   1954537472    488634368
    39701536            1        3201.008     79403072     19850768
    39701536            2        6145.000    158806144     39701536
    39701536            4        8931.160    317612288     79403072
    39701536            8       14353.037    635224576    158806144
    39701536           16       25201.082   1270449152    317612288
    39701536           32       47634.125   2540898304    635224576
    51611992            1        4113.913    103223984     25805996
    51611992            2       12857.914    206447968     51611992
    51611992            4       11937.141    412895936    103223984
    51611992            8       19620.180    825791872    206447968
    51611992           16       34566.164   1651583744    412895936
    51611992           32       64650.059   3303167488    825791872
    67095584            1        5414.009    134191168     33547792
    67095584            2       10806.084    268382336     67095584
    67095584            4       15657.187    536764672    134191168
    67095584            8       25996.208   1073529344    268382336
    67095584           16       46802.044   2147058688    536764672
    67095584           32       86731.911   4294117376   1073529344
    87224256            1       11651.993    174448512     43612128
    87224256            2       13916.969    348897024     87224256
    87224256            4       20566.940    697794048    174448512
    87224256            8       33936.024   1395588096    348897024
    87224256           16       60688.972   2791176192    697794048
    87224256           32      114271.879   5582352384   1395588096
   113391528            1        9100.914    226783056     56695764
   113391528            2       18143.892    453566112    113391528
   113391528            4       26957.989    907132224    226783056
   113391528            8       44593.096   1814264448    453566112
   113391528           16       83825.111   3628528896    907132224
   113391528           32      149818.897   7257057792   1814264448
   147408984            1       11764.050    294817968     73704492
   147408984            2       23963.928    589635936    147408984
   147408984            4       34987.211   1179271872    294817968
   147408984            8       57957.172   2358543744    589635936
   147408984           16      108253.956   4717087488   1179271872
   147408984           32      200946.808   9434174976   2358543744
   191631672            1       15942.097    383263344     95815836
   191631672            2       32094.955    766526688    191631672
   191631672            4       46370.029   1533053376    383263344
   191631672            8       75790.882   3066106752    766526688
   191631672           16      140667.915   6132213504   1533053376
   191631672           32      254203.081  12264427008   3066106752
   249121168            1       19959.927    498242336    124560584
   249121168            2       44697.046    996484672    249121168
   249121168            4       59510.946   1992969344    498242336
   249121168            8       98253.012   3985938688    996484672
   249121168           16      174834.013   7971877376   1992969344
   249121168           32      334367.990  15943754752   3985938688
   323857512            1       26193.857    647715024    161928756
   323857512            2       52002.907   1295430048    323857512
   323857512            4       77342.987   2590860096    647715024
   323857512            8      131969.213   5181720192   1295430048
   323857512           16      227578.163  10363440384   2590860096
   323857512           32      432796.001  20726880768   5181720192
   421014760            1       34015.894    842029520    210507380
   421014760            2       72401.047   1684059040    421014760
   421014760            4      100565.910   3368118080    842029520
   421014760            8      165526.152   6736236160   1684059040
   421014760           16      300530.195  13472472320   3368118080
   421014760           32      561402.082  26944944640   6736236160

META_DATA
FLOPS          4
ERT_VERSION  1.1.0
HOSTNAME  ('dev-amd24.i', ['dev-amd24'], ['192.168.17.192'])
UNAME  uname_result(system='Linux', node='dev-amd24', release='5.15.0-126-generic', version='#136-Ubuntu SMP Wed Nov 6 10:38:22 UTC 2024', machine='x86_64')
TIMESTAMP_DATA  1759348082.0854104
CONFIG  {'ERT_RESULTS': ['Results.EPYC9654.01'], 'ERT_DRIVER': ['driver1'], 'ERT_KERNEL': ['kernel1'], 'ERT_HIP': ['False'], 'ERT_GPU': ['False'], 'ERT_GPU_CFLAGS': ['-O3', '-gencode', 'arch=compute_70,code=sm_70'], 'ERT_GPU_LDFLAGS': [], 'ERT_FLOPS': ['1,2,4'], 'ERT_ALIGN': ['64'], 'ERT_CC': ['g++'], 'ERT_CFLAGS': ['-O3', '-march=native', '-fopenmp'], 'ERT_LD': ['g++'], 'ERT_LDFLAGS': ['-fopenmp'], 'ERT_LDLIBS': [], 'ERT_RUN': ['srun', '-n', '1', './ERT_CODE'], 'ERT_PRECISION': ['FP64'], 'ERT_BLOCKS_THREADS': ['16384'], 'ERT_GPU_BLOCKS': ['8192,4096,2048,1024'], 'ERT_GPU_THREADS': ['32,64,128,256'], 'ERT_NUM_EXPERIMENTS': ['3'], 'ERT_WSS_MULT': ['1.3'], 'ERT_MEMORY_MAX': ['536870912'], 'ERT_WORKING_SET_MIN': ['512'], 'ERT_TRIALS_MIN': ['32'], 'ERT_GNUPLOT': ['gnuplot'], 'ERT_MPI': [False], 'ERT_OPENMP': [False], 'ERT_OCL': [False], 'ERT_SYCL': [False]}
