srun: job 62475610 queued and waiting for resources
srun: job 62475610 has been allocated resources
fp64
        4096            1           0.954         8192         2048
        4096            2           0.000        16384         4096
        4096            4           0.000        32768         8192
        4096            8           0.000        65536        16384
        4096           16           0.000       131072        32768
        4096           32           1.192       262144        65536
        4096           64           1.907       524288       131072
        4096          128           4.053      1048576       262144
        4096          256           9.060      2097152       524288
        4096          512          15.974      4194304      1048576
        4096         1024          32.902      8388608      2097152
        4096         2048          66.996     16777216      4194304
        4096         4096         133.991     33554432      8388608
        4096         8192         267.029     67108864     16777216
        4096        16384         534.773    134217728     33554432
        4096        32768        1121.044    268435456     67108864
        4096        65536        2279.043    536870912    134217728
        4096       131072        4467.010   1073741824    268435456
        5320            1           0.000        10640         2660
        5320            2           0.000        21280         5320
        5320            4           0.000        42560        10640
        5320            8           0.000        85120        21280
        5320           16           0.954       170240        42560
        5320           32           2.146       340480        85120
        5320           64           4.053       680960       170240
        5320          128          15.974      1361920       340480
        5320          256          12.159      2723840       680960
        5320          512          22.888      5447680      1361920
        5320         1024          45.061     10895360      2723840
        5320         2048          88.930     21790720      5447680
        5320         4096         179.052     43581440     10895360
        5320         8192         357.151     87162880     21790720
        5320        16384         714.064    174325760     43581440
        5320        32768        1435.041    348651520     87162880
        5320        65536        2856.970    697303040    174325760
        6912            1           0.954        13824         3456
        6912            2           0.954        27648         6912
        6912            4           0.954        55296        13824
        6912            8           0.954       110592        27648
        6912           16           2.146       221184        55296
        6912           32           2.861       442368       110592
        6912           64           5.007       884736       221184
        6912          128          17.881      1769472       442368
        6912          256          14.067      3538944       884736
        6912          512          28.133      7077888      1769472
        6912         1024          56.982     14155776      3538944
        6912         2048         113.964     28311552      7077888
        6912         4096         226.021     56623104     14155776
        6912         8192         452.995    113246208     28311552
        6912        16384         912.905    226492416     56623104
        6912        32768        1809.120    452984832    113246208
        6912        65536        3621.101    905969664    226492416
        8984            1           2.146        17968         4492
        8984            2           0.000        35936         8984
        8984            4           0.000        71872        17968
        8984            8           0.954       143744        35936
        8984           16           1.907       287488        71872
        8984           32           4.053       574976       143744
        8984           64          15.974      1149952       287488
        8984          128          10.967      2299904       574976
        8984          256          23.127      4599808      1149952
        8984          512          45.061      9199616      2299904
        8984         1024          90.122     18399232      4599808
        8984         2048         180.006     36798464      9199616
        8984         4096         334.978     73596928     18399232
        8984         8192         602.961    147193856     36798464
        8984        16384        1207.829    294387712     73596928
        8984        32768        2419.949    588775424    147193856
       11672            1           2.146        23344         5836
       11672            2           1.192        46688        11672
       11672            4           0.954        93376        23344
       11672            8           0.954       186752        46688
       11672           16           2.146       373504        93376
       11672           32           5.007       747008       186752
       11672           64          19.073      1494016       373504
       11672          128          11.921      2988032       747008
       11672          256          23.842      5976064      1494016
       11672          512          48.161     11952128      2988032
       11672         1024          94.891     23904256      5976064
       11672         2048         190.973     47808512     11952128
       11672         4096         381.947     95617024     23904256
       11672         8192         763.178    191234048     47808512
       11672        16384        1528.978    382468096     95617024
       11672        32768        3062.010    764936192    191234048
       15168            1           1.907        30336         7584
       15168            2           0.000        60672        15168
       15168            4           1.192       121344        30336
       15168            8           1.907       242688        60672
       15168           16           4.053       485376       121344
       15168           32          15.020       970752       242688
       15168           64           8.106      1941504       485376
       15168          128          15.974      3883008       970752
       15168          256          30.994      7766016      1941504
       15168          512          61.989     15532032      3883008
       15168         1024         123.978     31064064      7766016
       15168         2048         247.002     62128128     15532032
       15168         4096         494.957    124256256     31064064
       15168         8192         988.007    248512512     62128128
       15168        16384        1986.027    497025024    124256256
       15168        32768        3958.941    994050048    248512512
       19712            1           1.907        39424         9856
       19712            2           0.954        78848        19712
       19712            4           0.954       157696        39424
       19712            8           2.146       315392        78848
       19712           16           3.815       630784       157696
       19712           32          15.974      1261568       315392
       19712           64          10.967      2523136       630784
       19712          128          20.981      5046272      1261568
       19712          256          40.054     10092544      2523136
       19712          512          80.109     20185088      5046272
       19712         1024         160.933     40370176     10092544
       19712         2048         320.911     80740352     20185088
       19712         4096         642.061    161480704     40370176
       19712         8192        1282.930    322961408     80740352
       19712        16384        2572.775    645922816    161480704
       25624            1           1.907        51248        12812
       25624            2           1.192       102496        25624
       25624            4           0.954       204992        51248
       25624            8           3.099       409984       102496
       25624           16           5.007       819968       204992
       25624           32          20.027      1639936       409984
       25624           64          14.067      3279872       819968
       25624          128          27.180      6559744      1639936
       25624          256          52.929     13119488      3279872
       25624          512         106.096     26238976      6559744
       25624         1024         211.000     52477952     13119488
       25624         2048         420.094    104955904     26238976
       25624         4096         842.094    209911808     52477952
       25624         8192        1682.997    419823616    104955904
       25624        16384        3566.027    839647232    209911808
       33304            1           4.053        66608        16652
       33304            2           1.907       133216        33304
       33304            4           2.146       266432        66608
       33304            8           4.053       532864       133216
       33304           16          16.928      1065728       266432
       33304           32          10.014      2131456       532864
       33304           64          19.073      4262912      1065728
       33304          128          38.147      8525824      2131456
       33304          256          74.863     17051648      4262912
       33304          512         149.965     34103296      8525824
       33304         1024         298.977     68206592     17051648
       33304         2048         597.000    136413184     34103296
       33304         4096        1202.106    272826368     68206592
       33304         8192        2384.901    545652736    136413184
       43288            1           4.053        86576        21644
       43288            2           3.099       173152        43288
       43288            4           4.053       346304        86576
       43288            8          15.974       692608       173152
       43288           16          10.014      1385216       346304
       43288           32          20.027      2770432       692608
       43288           64          39.101      5540864      1385216
       43288          128          77.009     11081728      2770432
       43288          256         151.873     22163456      5540864
       43288          512         302.792     44326912     11081728
       43288         1024         604.868     88653824     22163456
       43288         2048        1176.119    177307648     44326912
       43288         4096        2306.938    354615296     88653824
       43288         8192        4618.883    709230592    177307648
       56272            1           5.007       112544        28136
       56272            2           2.861       225088        56272
       56272            4           5.007       450176       112544
       56272            8          18.120       900352       225088
       56272           16          14.067      1800704       450176
       56272           32          25.988      3601408       900352
       56272           64          49.114      7202816      1800704
       56272          128          95.844     14405632      3601408
       56272          256         190.973     28811264      7202816
       56272          512         389.814     57622528     14405632
       56272         1024         771.999    115245056     28811264
       56272         2048        1518.965    230490112     57622528
       56272         4096        3062.010    460980224    115245056
       56272         8192        6152.153    921960448    230490112
       73152            1           7.868       146304        36576
       73152            2           2.861       292608        73152
       73152            4          15.020       585216       146304
       73152            8          10.014      1170432       292608
       73152           16          17.881      2340864       585216
       73152           32          34.094      4681728      1170432
       73152           64          65.088      9363456      2340864
       73152          128         128.031     18726912      4681728
       73152          256         247.002     37453824      9363456
       73152          512         488.997     74907648     18726912
       73152         1024         995.874    149815296     37453824
       73152         2048        1954.079    299630592     74907648
       73152         4096        3901.958    599261184    149815296
       95096            1           7.868       190192        47548
       95096            2           5.007       380384        95096
       95096            4          16.928       760768       190192
       95096            8          11.921      1521536       380384
       95096           16          21.935      3043072       760768
       95096           32          42.200      6086144      1521536
       95096           64          82.970     12172288      3043072
       95096          128         170.946     24344576      6086144
       95096          256         324.965     48689152     12172288
       95096          512         648.975     97378304     24344576
       95096         1024        1296.043    194756608     48689152
       95096         2048        2557.993    389513216     97378304
       95096         4096        5084.991    779026432    194756608
      123624            1          11.206       247248        61812
      123624            2           5.960       494496       123624
      123624            4          20.027       988992       247248
      123624            8          19.789      1977984       494496
      123624           16          34.809      3955968       988992
      123624           32          64.850      7911936      1977984
      123624           64         119.209     15823872      3955968
      123624          128         208.855     31647744      7911936
      123624          256         415.802     63295488     15823872
      123624          512         846.863    126590976     31647744
      123624         1024        1700.163    253181952     63295488
      123624         2048        3297.091    506363904    126590976
      123624         4096        7046.938   1012727808    253181952
      160704            1          15.020       321408        80352
      160704            2          16.928       642816       160704
      160704            4          10.967      1285632       321408
      160704            8          20.027      2571264       642816
      160704           16          37.193      5142528      1285632
      160704           32          69.857     10285056      2571264
      160704           64         137.806     20570112      5142528
      160704          128         272.036     41140224     10285056
      160704          256         540.972     82280448     20570112
      160704          512        1077.890    164560896     41140224
      160704         1024        2192.020    329121792     82280448
      160704         2048        4285.812    658243584    164560896
      208912            1          19.073       417824       104456
      208912            2          10.967       835648       208912
      208912            4          14.782      1671296       417824
      208912            8          27.895      3342592       835648
      208912           16          50.068      6685184      1671296
      208912           32          92.030     13370368      3342592
      208912           64         184.059     26740736      6685184
      208912          128         363.111     53481472     13370368
      208912          256         718.832    106962944     26740736
      208912          512        1438.141    213925888     53481472
      208912         1024        2790.928    427851776    106962944
      208912         2048        5583.048    855703552    213925888
      271584            1          35.048       543168       135792
      271584            2          12.875      1086336       271584
      271584            4          19.073      2172672       543168
      271584            8          34.094      4345344      1086336
      271584           16          62.943      8690688      2172672
      271584           32         118.971     17381376      4345344
      271584           64         231.981     34762752      8690688
      271584          128         473.976     69525504     17381376
      271584          256         912.189    139051008     34762752
      271584          512        1812.935    278102016     69525504
      271584         1024        3679.991    556204032    139051008
      353056            1          42.915       706112       176528
      353056            2          19.073      1412224       353056
      353056            4          28.849      2824448       706112
      353056            8          46.968      5648896      1412224
      353056           16          83.923     11297792      2824448
      353056           32         154.972     22595584      5648896
      353056           64         300.884     45191168     11297792
      353056          128         596.046     90382336     22595584
      353056          256        1183.987    180764672     45191168
      353056          512        2367.020    361529344     90382336
      353056         1024        4783.869    723058688    180764672
      458968            1          48.876       917936       229484
      458968            2          25.034      1835872       458968
      458968            4          36.001      3671744       917936
      458968            8          58.174      7343488      1835872
      458968           16         104.904     14686976      3671744
      458968           32         207.186     29373952      7343488
      458968           64         403.881     58747904     14686976
      458968          128         794.888    117495808     29373952
      458968          256        1559.973    234991616     58747904
      458968          512        3142.834    469983232    117495808
      458968         1024        6194.115    939966464    234991616
      596656            1          58.889      1193312       298328
      596656            2          30.041      2386624       596656
      596656            4          44.107      4773248      1193312
      596656            8          74.863      9546496      2386624
      596656           16         137.806     19092992      4773248
      596656           32         261.784     38185984      9546496
      596656           64         526.905     76371968     19092992
      596656          128        1038.074    152743936     38185984
      596656          256        2035.141    305487872     76371968
      596656          512        4009.008    610975744    152743936
      775648            1          87.976      1551296       387824
      775648            2          46.968      3102592       775648
      775648            4          64.850      6205184      1551296
      775648            8         108.004     12410368      3102592
      775648           16         185.966     24820736      6205184
      775648           32         351.906     49641472     12410368
      775648           64         702.858     99282944     24820736
      775648          128        1355.171    198565888     49641472
      775648          256        2723.932    397131776     99282944
      775648          512        5653.858    794263552    198565888
     1008336            1          92.983      2016672       504168
     1008336            2          68.903      4033344      1008336
     1008336            4          93.222      8066688      2016672
     1008336            8         154.018     16133376      4033344
     1008336           16         275.850     32266752      8066688
     1008336           32         520.945     64533504     16133376
     1008336           64        1017.094    129067008     32266752
     1008336          128        2009.153    258134016     64533504
     1008336          256        3978.968    516268032    129067008
     1008336          512        7906.914   1032536064    258134016
     1310832            1         116.110      2621664       655416
     1310832            2         108.004      5243328      1310832
     1310832            4         145.912     10486656      2621664
     1310832            8         241.995     20973312      5243328
     1310832           16         447.035     41946624     10486656
     1310832           32         816.107     83893248     20973312
     1310832           64        1589.060    167786496     41946624
     1310832          128        3116.131    335572992     83893248
     1310832          256        6217.957    671145984    167786496
     1704080            1         156.164      3408160       852040
     1704080            2         162.125      6816320      1704080
     1704080            4         215.054     13632640      3408160
     1704080            8         360.966     27265280      6816320
     1704080           16         660.181     54530560     13632640
     1704080           32        1230.955    109061120     27265280
     1704080           64        2411.127    218122240     54530560
     1704080          128        4721.880    436244480    109061120
     1704080          256        9377.956    872488960    218122240
     2215304            1         197.172      4430608      1107652
     2215304            2         225.067      8861216      2215304
     2215304            4         293.016     17722432      4430608
     2215304            8         490.189     35444864      8861216
     2215304           16         869.036     70889728     17722432
     2215304           32        1649.857    141779456     35444864
     2215304           64        3169.060    283558912     70889728
     2215304          128        6284.952    567117824    141779456
     2879888            1         237.942      5759776      1439944
     2879888            2         290.155     11519552      2879888
     2879888            4         379.086     23039104      5759776
     2879888            8         643.015     46078208     11519552
     2879888           16        1131.058     92156416     23039104
     2879888           32        2146.959    184312832     46078208
     2879888           64        4187.107    368625664     92156416
     2879888          128        8248.091    737251328    184312832
     3743848            1         306.129      7487696      1871924
     3743848            2         386.953     14975392      3743848
     3743848            4         494.003     29950784      7487696
     3743848            8         837.088     59901568     14975392
     3743848           16        1481.056    119803136     29950784
     3743848           32        2803.087    239606272     59901568
     3743848           64        5439.997    479212544    119803136
     3743848          128       10706.902    958425088    239606272
     4867000            1         422.955      9734000      2433500
     4867000            2         513.077     19468000      4867000
     4867000            4         643.015     38936000      9734000
     4867000            8        1069.069     77872000     19468000
     4867000           16        1936.913    155744000     38936000
     4867000           32        3643.036    311488000     77872000
     4867000           64        7061.958    622976000    155744000
     6327096            1         520.945     12654192      3163548
     6327096            2         690.937     25308384      6327096
     6327096            4         838.995     50616768     12654192
     6327096            8        1453.161    101233536     25308384
     6327096           16        2501.965    202467072     50616768
     6327096           32        4745.007    404934144    101233536
     6327096           64        9216.070    809868288    202467072
     8225224            1         676.870     16450448      4112612
     8225224            2        1006.126     32900896      8225224
     8225224            4        1131.058     65801792     16450448
     8225224            8        1830.816    131603584     32900896
     8225224           16        3299.952    263207168     65801792
     8225224           32        6197.929    526414336    131603584
     8225224           64       12173.891   1052828672    263207168
    10692784            1         898.123     21385568      5346392
    10692784            2        1343.966     42771136     10692784
    10692784            4        1573.086     85542272     21385568
    10692784            8        2453.089    171084544     42771136
    10692784           16        4376.888    342169088     85542272
    10692784           32        8121.014    684338176    171084544
    13900616            1        1115.084     27801232      6950308
    13900616            2        1895.189     55602464     13900616
    13900616            4        2151.012    111204928     27801232
    13900616            8        3294.945    222409856     55602464
    13900616           16        5878.925    444819712    111204928
    13900616           32       11222.124    889639424    222409856
    18070800            1        1471.043     36141600      9035400
    18070800            2        2519.846     72283200     18070800
    18070800            4        3041.029    144566400     36141600
    18070800            8        4550.219    289132800     72283200
    18070800           16        8219.957    578265600    144566400
    18070800           32       15511.036   1156531200    289132800
    23492040            1        1901.150     46984080     11746020
    23492040            2        3373.146     93968160     23492040
    23492040            4        4487.038    187936320     46984080
    23492040            8        7106.066    375872640     93968160
    23492040           16       12422.085    751745280    187936320
    23492040           32       23041.964   1503490560    375872640
    30539648            1        2454.996     61079296     15269824
    30539648            2        4573.107    122158592     30539648
    30539648            4        6196.022    244317184     61079296
    30539648            8        9911.060    488634368    122158592
    30539648           16       17962.933    977268736    244317184
    30539648           32       33576.965   1954537472    488634368
    39701536            1        3190.041     79403072     19850768
    39701536            2        6053.925    158806144     39701536
    39701536            4        8744.001    317612288     79403072
    39701536            8       14203.072    635224576    158806144
    39701536           16       25160.074   1270449152    317612288
    39701536           32       47273.159   2540898304    635224576
    51611992            1        4237.175    103223984     25805996
    51611992            2       12937.069    206447968     51611992
    51611992            4       12026.072    412895936    103223984
    51611992            8       19032.001    825791872    206447968
    51611992           16       34738.064   1651583744    412895936
    51611992           32       64840.078   3303167488    825791872
    67095584            1        5325.794    134191168     33547792
    67095584            2       10593.176    268382336     67095584
    67095584            4       15329.123    536764672    134191168
    67095584            8       25962.830   1073529344    268382336
    67095584           16       45894.146   2147058688    536764672
    67095584           32       86558.819   4294117376   1073529344
    87224256            1       11591.911    174448512     43612128
    87224256            2       14149.904    348897024     87224256
    87224256            4       20513.058    697794048    174448512
    87224256            8       33540.010   1395588096    348897024
    87224256           16       60776.949   2791176192    697794048
    87224256           32      114110.947   5582352384   1395588096
   113391528            1        9126.902    226783056     56695764
   113391528            2       18241.167    453566112    113391528
   113391528            4       27024.984    907132224    226783056
   113391528            8       44418.097   1814264448    453566112
   113391528           16       84343.910   3628528896    907132224
   113391528           32      149669.886   7257057792   1814264448
   147408984            1       11868.000    294817968     73704492
   147408984            2       23797.035    589635936    147408984
   147408984            4       35385.847   1179271872    294817968
   147408984            8       58083.057   2358543744    589635936
   147408984           16      107802.153   4717087488   1179271872
   147408984           32      195372.820   9434174976   2358543744
   191631672            1       15666.008    383263344     95815836
   191631672            2       30944.109    766526688    191631672
   191631672            4       45968.056   1533053376    383263344
   191631672            8       75544.834   3066106752    766526688
   191631672           16      139644.146   6132213504   1533053376
   191631672           32      253706.932  12264427008   3066106752
   249121168            1       20087.004    498242336    124560584
   249121168            2       44862.032    996484672    249121168
   249121168            4       59585.094   1992969344    498242336
   249121168            8       98199.129   3985938688    996484672
   249121168           16      175162.792   7971877376   1992969344
   249121168           32      333981.037  15943754752   3985938688
   323857512            1       26179.075    647715024    161928756
   323857512            2       52039.862   1295430048    323857512
   323857512            4       77509.880   2590860096    647715024
   323857512            8      131746.054   5181720192   1295430048
   323857512           16      227995.872  10363440384   2590860096
   323857512           32      432868.958  20726880768   5181720192
   421014760            1       33854.961    842029520    210507380
   421014760            2       72865.963   1684059040    421014760
   421014760            4      101013.899   3368118080    842029520
   421014760            8      166141.987   6736236160   1684059040
   421014760           16      300481.081  13472472320   3368118080
   421014760           32      562303.066  26944944640   6736236160

META_DATA
FLOPS          4
ERT_VERSION  1.1.0
HOSTNAME  ('dev-amd24.i', ['dev-amd24'], ['192.168.17.192'])
UNAME  uname_result(system='Linux', node='dev-amd24', release='5.15.0-126-generic', version='#136-Ubuntu SMP Wed Nov 6 10:38:22 UTC 2024', machine='x86_64')
TIMESTAMP_DATA  1759348042.258221
CONFIG  {'ERT_RESULTS': ['Results.EPYC9654.01'], 'ERT_DRIVER': ['driver1'], 'ERT_KERNEL': ['kernel1'], 'ERT_HIP': ['False'], 'ERT_GPU': ['False'], 'ERT_GPU_CFLAGS': ['-O3', '-gencode', 'arch=compute_70,code=sm_70'], 'ERT_GPU_LDFLAGS': [], 'ERT_FLOPS': ['1,2,4'], 'ERT_ALIGN': ['64'], 'ERT_CC': ['g++'], 'ERT_CFLAGS': ['-O3', '-march=native', '-fopenmp'], 'ERT_LD': ['g++'], 'ERT_LDFLAGS': ['-fopenmp'], 'ERT_LDLIBS': [], 'ERT_RUN': ['srun', '-n', '1', './ERT_CODE'], 'ERT_PRECISION': ['FP64'], 'ERT_BLOCKS_THREADS': ['16384'], 'ERT_GPU_BLOCKS': ['8192,4096,2048,1024'], 'ERT_GPU_THREADS': ['32,64,128,256'], 'ERT_NUM_EXPERIMENTS': ['3'], 'ERT_WSS_MULT': ['1.3'], 'ERT_MEMORY_MAX': ['536870912'], 'ERT_WORKING_SET_MIN': ['512'], 'ERT_TRIALS_MIN': ['32'], 'ERT_GNUPLOT': ['gnuplot'], 'ERT_MPI': [False], 'ERT_OPENMP': [False], 'ERT_OCL': [False], 'ERT_SYCL': [False]}
