srun: job 62475612 queued and waiting for resources
srun: job 62475612 has been allocated resources
fp64
        4096            1           0.954         8192         2048
        4096            2           0.000        16384         4096
        4096            4           1.192        32768         8192
        4096            8          10.014        65536        16384
        4096           16           0.954       131072        32768
        4096           32           0.954       262144        65536
        4096           64           2.146       524288       131072
        4096          128           4.053      1048576       262144
        4096          256           8.106      2097152       524288
        4096          512          15.974      4194304      1048576
        4096         1024          34.094      8388608      2097152
        4096         2048          66.996     16777216      4194304
        4096         4096         133.038     33554432      8388608
        4096         8192         283.003     67108864     16777216
        4096        16384         532.866    134217728     33554432
        4096        32768        1068.115    268435456     67108864
        4096        65536        2134.085    536870912    134217728
        4096       131072        4274.845   1073741824    268435456
        5320            1           0.954        10640         2660
        5320            2           0.000        21280         5320
        5320            4           0.000        42560        10640
        5320            8           1.192        85120        21280
        5320           16           1.907       170240        42560
        5320           32           2.861       340480        85120
        5320           64           5.007       680960       170240
        5320          128          17.166      1361920       340480
        5320          256          10.967      2723840       680960
        5320          512          23.127      5447680      1361920
        5320         1024          44.107     10895360      2723840
        5320         2048          89.884     21790720      5447680
        5320         4096         178.099     43581440     10895360
        5320         8192         357.151     87162880     21790720
        5320        16384         721.931    174325760     43581440
        5320        32768        1428.127    348651520     87162880
        5320        65536        2863.884    697303040    174325760
        6912            1           1.192        13824         3456
        6912            2           0.000        27648         6912
        6912            4           0.000        55296        13824
        6912            8           0.954       110592        27648
        6912           16           1.907       221184        55296
        6912           32           3.099       442368       110592
        6912           64           5.960       884736       221184
        6912          128          18.120      1769472       442368
        6912          256          14.067      3538944       884736
        6912          512          27.895      7077888      1769472
        6912         1024          56.982     14155776      3538944
        6912         2048         113.010     28311552      7077888
        6912         4096         226.021     56623104     14155776
        6912         8192         460.863    113246208     28311552
        6912        16384         905.037    226492416     56623104
        6912        32768        1809.835    452984832    113246208
        6912        65536        3623.009    905969664    226492416
        8984            1           0.954        17968         4492
        8984            2           0.000        35936         8984
        8984            4           0.000        71872        17968
        8984            8           0.954       143744        35936
        8984           16           1.907       287488        71872
        8984           32           3.815       574976       143744
        8984           64          17.166      1149952       287488
        8984          128           9.060      2299904       574976
        8984          256          18.835      4599808      1149952
        8984          512          37.909      9199616      2299904
        8984         1024          76.056     18399232      4599808
        8984         2048         151.157     36798464      9199616
        8984         4096         302.076     73596928     18399232
        8984         8192         602.961    147193856     36798464
        8984        16384        1213.074    294387712     73596928
        8984        32768        2413.988    588775424    147193856
       11672            1           1.907        23344         5836
       11672            2           0.954        46688        11672
       11672            4           0.000        93376        23344
       11672            8           1.192       186752        46688
       11672           16           1.907       373504        93376
       11672           32           4.053       747008       186752
       11672           64           9.060      1494016       373504
       11672          128          27.180      2988032       747008
       11672          256          23.842      5976064      1494016
       11672          512          47.922     11952128      2988032
       11672         1024          96.083     23904256      5976064
       11672         2048         190.973     47808512     11952128
       11672         4096         381.947     95617024     23904256
       11672         8192         763.893    191234048     47808512
       11672        16384        1537.085    382468096     95617024
       11672        32768        3055.096    764936192    191234048
       15168            1           2.146        30336         7584
       15168            2           0.954        60672        15168
       15168            4           1.192       121344        30336
       15168            8           1.907       242688        60672
       15168           16           3.099       485376       121344
       15168           32          13.828       970752       242688
       15168           64           7.868      1941504       485376
       15168          128          15.974      3883008       970752
       15168          256          32.187      7766016      1941504
       15168          512          61.989     15532032      3883008
       15168         1024         123.024     31064064      7766016
       15168         2048         247.002     62128128     15532032
       15168         4096         494.957    124256256     31064064
       15168         8192         998.974    248512512     62128128
       15168        16384        1976.967    497025024    124256256
       15168        32768        3958.941    994050048    248512512
       19712            1           1.907        39424         9856
       19712            2           0.954        78848        19712
       19712            4           0.954       157696        39424
       19712            8           2.146       315392        78848
       19712           16           4.053       630784       157696
       19712           32          15.974      1261568       315392
       19712           64          10.967      2523136       630784
       19712          128          20.027      5046272      1261568
       19712          256          40.054     10092544      2523136
       19712          512          81.062     20185088      5046272
       19712         1024         160.933     40370176     10092544
       19712         2048         320.911     80740352     20185088
       19712         4096         642.061    161480704     40370176
       19712         8192        1284.122    322961408     80740352
       19712        16384        2572.060    645922816    161480704
       25624            1           3.099        51248        12812
       25624            2           1.192       102496        25624
       25624            4           1.907       204992        51248
       25624            8           3.099       409984       102496
       25624           16           5.960       819968       204992
       25624           32          16.928      1639936       409984
       25624           64          14.067      3279872       819968
       25624          128          26.941      6559744      1639936
       25624          256          53.167     13119488      3279872
       25624          512         105.858     26238976      6559744
       25624         1024         209.808     52477952     13119488
       25624         2048         427.008    104955904     26238976
       25624         4096         841.856    209911808     52477952
       25624         8192        1682.997    419823616    104955904
       25624        16384        3367.901    839647232    209911808
       33304            1           3.099        66608        16652
       33304            2           0.954       133216        33304
       33304            4           1.907       266432        66608
       33304            8           4.053       532864       133216
       33304           16          15.974      1065728       266432
       33304           32          10.014      2131456       532864
       33304           64          17.881      4262912      1065728
       33304          128          36.955      8525824      2131456
       33304          256          73.195     17051648      4262912
       33304          512         144.005     34103296      8525824
       33304         1024         288.010     68206592     17051648
       33304         2048         575.066    136413184     34103296
       33304         4096        1149.893    272826368     68206592
       33304         8192        2303.839    545652736    136413184
       43288            1           3.099        86576        21644
       43288            2           2.146       173152        43288
       43288            4           2.861       346304        86576
       43288            8           5.960       692608       173152
       43288           16          20.027      1385216       346304
       43288           32          20.027      2770432       692608
       43288           64          39.101      5540864      1385216
       43288          128          76.056     11081728      2770432
       43288          256         149.965     22163456      5540864
       43288          512         299.931     44326912     11081728
       43288         1024         597.954     88653824     22163456
       43288         2048        1164.913    177307648     44326912
       43288         4096        2331.018    354615296     88653824
       43288         8192        4619.837    709230592    177307648
       56272            1           5.007       112544        28136
       56272            2           3.099       225088        56272
       56272            4           5.007       450176       112544
       56272            8          16.928       900352       225088
       56272           16          14.067      1800704       450176
       56272           32          25.988      3601408       900352
       56272           64          49.114      7202816      1800704
       56272          128          96.083     14405632      3601408
       56272          256         190.020     28811264      7202816
       56272          512         380.039     57622528     14405632
       56272         1024         758.886    115245056     28811264
       56272         2048        1555.920    230490112     57622528
       56272         4096        3013.134    460980224    115245056
       56272         8192        6013.870    921960448    230490112
       73152            1           5.960       146304        36576
       73152            2           3.815       292608        73152
       73152            4           6.199       585216       146304
       73152            8          19.789      1170432       292608
       73152           16          17.881      2340864       585216
       73152           32          34.094      4681728      1170432
       73152           64          63.896      9363456      2340864
       73152          128         127.792     18726912      4681728
       73152          256         245.810     37453824      9363456
       73152          512         494.957     74907648     18726912
       73152         1024         995.874    149815296     37453824
       73152         2048        1990.795    299630592     74907648
       73152         4096        3919.840    599261184    149815296
       95096            1           8.106       190192        47548
       95096            2           3.815       380384        95096
       95096            4          16.212       760768       190192
       95096            8          11.921      1521536       380384
       95096           16          22.173      3043072       760768
       95096           32          41.962      6086144      1521536
       95096           64          83.923     12172288      3043072
       95096          128         164.032     24344576      6086144
       95096          256         325.918     48689152     12172288
       95096          512         652.075     97378304     24344576
       95096         1024        1296.043    194756608     48689152
       95096         2048        2535.105    389513216     97378304
       95096         4096        5091.906    779026432    194756608
      123624            1          11.206       247248        61812
      123624            2           7.153       494496       123624
      123624            4          20.981       988992       247248
      123624            8          24.080      1977984       494496
      123624           16          40.054      3955968       988992
      123624           32          72.956      7911936      1977984
      123624           64         143.051     15823872      3955968
      123624          128         282.049     31647744      7911936
      123624          256         570.059     63295488     15823872
      123624          512        1113.176    126590976     31647744
      123624         1024        1749.992    253181952     63295488
      123624         2048        3299.952    506363904    126590976
      123624         4096        6601.810   1012727808    253181952
      160704            1          11.921       321408        80352
      160704            2           8.106       642816       160704
      160704            4          22.888      1285632       321408
      160704            8          20.981      2571264       642816
      160704           16          37.909      5142528      1285632
      160704           32          72.956     10285056      2571264
      160704           64         137.806     20570112      5142528
      160704          128         280.857     41140224     10285056
      160704          256         538.111     82280448     20570112
      160704          512        1073.122    164560896     41140224
      160704         1024        2142.906    329121792     82280448
      160704         2048        4378.080    658243584    164560896
      208912            1          15.974       417824       104456
      208912            2          10.967       835648       208912
      208912            4          15.020      1671296       417824
      208912            8          28.133      3342592       835648
      208912           16          50.068      6685184      1671296
      208912           32          93.937     13370368      3342592
      208912           64         184.059     26740736      6685184
      208912          128         359.058     53481472     13370368
      208912          256         724.077    106962944     26740736
      208912          512        1409.054    213925888     53481472
      208912         1024        2818.108    427851776    106962944
      208912         2048        5645.037    855703552    213925888
      271584            1          30.994       543168       135792
      271584            2          11.921      1086336       271584
      271584            4          20.027      2172672       543168
      271584            8          34.094      4345344      1086336
      271584           16          61.989      8690688      2172672
      271584           32         123.024     17381376      4345344
      271584           64         231.981     34762752      8690688
      271584          128         469.923     69525504     17381376
      271584          256         925.064    139051008     34762752
      271584          512        1821.995    278102016     69525504
      271584         1024        3626.108    556204032    139051008
      353056            1          38.147       706112       176528
      353056            2          17.166      1412224       353056
      353056            4          25.988      2824448       706112
      353056            8          44.107      5648896      1412224
      353056           16          81.062     11297792      2824448
      353056           32         154.972     22595584      5648896
      353056           64         303.030     45191168     11297792
      353056          128         607.967     90382336     22595584
      353056          256        1183.987    180764672     45191168
      353056          512        2368.212    361529344     90382336
      353056         1024        4724.026    723058688    180764672
      458968            1          46.015       917936       229484
      458968            2          24.080      1835872       458968
      458968            4          36.955      3671744       917936
      458968            8          58.174      7343488      1835872
      458968           16         104.904     14686976      3671744
      458968           32         209.093     29373952      7343488
      458968           64         406.027     58747904     14686976
      458968          128         794.172    117495808     29373952
      458968          256        1576.900    234991616     58747904
      458968          512        3113.985    469983232    117495808
      458968         1024        6137.848    939966464    234991616
      596656            1          54.836      1193312       298328
      596656            2          29.087      2386624       596656
      596656            4          44.107      4773248      1193312
      596656            8          78.917      9546496      2386624
      596656           16         144.005     19092992      4773248
      596656           32         272.036     38185984      9546496
      596656           64         526.190     76371968     19092992
      596656          128        1029.015    152743936     38185984
      596656          256        2007.008    305487872     76371968
      596656          512        4004.955    610975744    152743936
      775648            1          68.903      1551296       387824
      775648            2          44.107      3102592       775648
      775648            4          61.989      6205184      1551296
      775648            8         107.050     12410368      3102592
      775648           16         197.172     24820736      6205184
      775648           32         380.039     49641472     12410368
      775648           64         730.991     99282944     24820736
      775648          128        1433.849    198565888     49641472
      775648          256        2799.988    397131776     99282944
      775648          512        5611.897    794263552    198565888
     1008336            1          92.983      2016672       504168
     1008336            2          66.996      4033344      1008336
     1008336            4         100.851      8066688      2016672
     1008336            8         162.125     16133376      4033344
     1008336           16         288.963     32266752      8066688
     1008336           32         540.018     64533504     16133376
     1008336           64        1051.903    129067008     32266752
     1008336          128        2072.096    258134016     64533504
     1008336          256        4146.099    516268032    129067008
     1008336          512        8387.089   1032536064    258134016
     1310832            1         125.170      2621664       655416
     1310832            2         104.904      5243328      1310832
     1310832            4         144.005     10486656      2621664
     1310832            8         243.902     20973312      5243328
     1310832           16         452.995     41946624     10486656
     1310832           32         815.153     83893248     20973312
     1310832           64        1581.907    167786496     41946624
     1310832          128        3262.997    335572992     83893248
     1310832          256       10868.073    671145984    167786496
     1704080            1         146.866      3408160       852040
     1704080            2         158.072      6816320      1704080
     1704080            4         214.100     13632640      3408160
     1704080            8         367.880     27265280      6816320
     1704080           16         643.015     54530560     13632640
     1704080           32        1211.882    109061120     27265280
     1704080           64        2360.106    218122240     54530560
     1704080          128        4658.937    436244480    109061120
     1704080          256        9264.946    872488960    218122240
     2215304            1         190.973      4430608      1107652
     2215304            2         221.014      8861216      2215304
     2215304            4         288.963     17722432      4430608
     2215304            8         489.950     35444864      8861216
     2215304           16         869.989     70889728     17722432
     2215304           32        1657.963    141779456     35444864
     2215304           64        3194.094    283558912     70889728
     2215304          128        6304.979    567117824    141779456
     2879888            1         244.141      5759776      1439944
     2879888            2         295.877     11519552      2879888
     2879888            4         384.092     23039104      5759776
     2879888            8         638.962     46078208     11519552
     2879888           16        1147.985     92156416     23039104
     2879888           32        2156.973    184312832     46078208
     2879888           64        4162.073    368625664     92156416
     2879888          128        8224.010    737251328    184312832
     3743848            1         309.944      7487696      1871924
     3743848            2         381.947     14975392      3743848
     3743848            4         492.096     29950784      7487696
     3743848            8         815.868     59901568     14975392
     3743848           16        1478.910    119803136     29950784
     3743848           32        2779.007    239606272     59901568
     3743848           64        5450.010    479212544    119803136
     3743848          128       10751.963    958425088    239606272
     4867000            1         396.967      9734000      2433500
     4867000            2         510.931     19468000      4867000
     4867000            4         643.969     38936000      9734000
     4867000            8        1075.029     77872000     19468000
     4867000           16        1919.031    155744000     38936000
     4867000           32        3623.009    311488000     77872000
     4867000           64        7062.912    622976000    155744000
     6327096            1         510.931     12654192      3163548
     6327096            2         689.983     25308384      6327096
     6327096            4         828.981     50616768     12654192
     6327096            8        1386.166    101233536     25308384
     6327096           16        2506.018    202467072     50616768
     6327096           32        4820.108    404934144    101233536
     6327096           64        9191.990    809868288    202467072
     8225224            1         657.797     16450448      4112612
     8225224            2         907.898     32900896      8225224
     8225224            4        1094.103     65801792     16450448
     8225224            8        1825.094    131603584     32900896
     8225224           16        3312.111    263207168     65801792
     8225224           32        6237.984    526414336    131603584
     8225224           64       12023.926   1052828672    263207168
    10692784            1         853.062     21385568      5346392
    10692784            2        1299.143     42771136     10692784
    10692784            4        1446.009     85542272     21385568
    10692784            8        2406.836    171084544     42771136
    10692784           16        4355.907    342169088     85542272
    10692784           32        8177.996    684338176    171084544
    13900616            1        1178.980     27801232      6950308
    13900616            2        1833.916     55602464     13900616
    13900616            4        1915.932    111204928     27801232
    13900616            8        3141.880    222409856     55602464
    13900616           16        5800.009    444819712    111204928
    13900616           32       11005.878    889639424    222409856
    18070800            1        1469.851     36141600      9035400
    18070800            2        2461.910     72283200     18070800
    18070800            4        2895.117    144566400     36141600
    18070800            8        4539.013    289132800     72283200
    18070800           16        8515.120    578265600    144566400
    18070800           32       15724.182   1156531200    289132800
    23492040            1        1950.979     46984080     11746020
    23492040            2        3568.888     93968160     23492040
    23492040            4        4900.932    187936320     46984080
    23492040            8        7375.956    375872640     93968160
    23492040           16       12521.982    751745280    187936320
    23492040           32       23676.872   1503490560    375872640
    30539648            1        2462.149     61079296     15269824
    30539648            2        4484.177    122158592     30539648
    30539648            4        6263.018    244317184     61079296
    30539648            8       10345.936    488634368    122158592
    30539648           16       18356.085    977268736    244317184
    30539648           32       33338.070   1954537472    488634368
    39701536            1        3220.081     79403072     19850768
    39701536            2        6271.839    158806144     39701536
    39701536            4        9319.067    317612288     79403072
    39701536            8       14677.048    635224576    158806144
    39701536           16       24934.053   1270449152    317612288
    39701536           32       48333.883   2540898304    635224576
    51611992            1        4180.908    103223984     25805996
    51611992            2       12713.909    206447968     51611992
    51611992            4       11765.003    412895936    103223984
    51611992            8       18573.046    825791872    206447968
    51611992           16       32721.043   1651583744    412895936
    51611992           32       61094.999   3303167488    825791872
    67095584            1        5338.907    134191168     33547792
    67095584            2       10425.091    268382336     67095584
    67095584            4       15262.842    536764672    134191168
    67095584            8       25918.007   1073529344    268382336
    67095584           16       46246.052   2147058688    536764672
    67095584           32       85769.892   4294117376   1073529344
    87224256            1        7012.844    174448512     43612128
    87224256            2       18490.076    348897024     87224256
    87224256            4       20788.908    697794048    174448512
    87224256            8       33972.025   1395588096    348897024
    87224256           16       60804.129   2791176192    697794048
    87224256           32      114372.015   5582352384   1395588096
   113391528            1        9166.956    226783056     56695764
   113391528            2       18190.145    453566112    113391528
   113391528            4       26958.942    907132224    226783056
   113391528            8       44466.019   1814264448    453566112
   113391528           16       84172.010   3628528896    907132224
   113391528           32      149340.153   7257057792   1814264448
   147408984            1       11900.902    294817968     73704492
   147408984            2       23772.955    589635936    147408984
   147408984            4       35315.037   1179271872    294817968
   147408984            8       57738.066   2358543744    589635936
   147408984           16      103287.935   4717087488   1179271872
   147408984           32      199239.969   9434174976   2358543744
   191631672            1       15434.980    383263344     95815836
   191631672            2       30680.895    766526688    191631672
   191631672            4       45846.939   1533053376    383263344
   191631672            8       75375.080   3066106752    766526688
   191631672           16      139276.028   6132213504   1533053376
   191631672           32      253216.028  12264427008   3066106752
   249121168            1       19908.190    498242336    124560584
   249121168            2       44098.854    996484672    249121168
   249121168            4       58465.004   1992969344    498242336
   249121168            8       96415.997   3985938688    996484672
   249121168           16      175225.973   7971877376   1992969344
   249121168           32      333254.099  15943754752   3985938688
   323857512            1       26309.013    647715024    161928756
   323857512            2       51688.910   1295430048    323857512
   323857512            4       76866.865   2590860096    647715024
   323857512            8      131773.949   5181720192   1295430048
   323857512           16      227265.120  10363440384   2590860096
   323857512           32      432665.825  20726880768   5181720192
   421014760            1       33730.030    842029520    210507380
   421014760            2       67881.823   1684059040    421014760
   421014760            4      105183.125   3368118080    842029520
   421014760            8      165544.987   6736236160   1684059040
   421014760           16      300679.922  13472472320   3368118080
   421014760           32      561114.073  26944944640   6736236160

META_DATA
FLOPS          4
ERT_VERSION  1.1.0
HOSTNAME  ('dev-amd24.i', ['dev-amd24'], ['192.168.17.192'])
UNAME  uname_result(system='Linux', node='dev-amd24', release='5.15.0-126-generic', version='#136-Ubuntu SMP Wed Nov 6 10:38:22 UTC 2024', machine='x86_64')
TIMESTAMP_DATA  1759348061.040741
CONFIG  {'ERT_RESULTS': ['Results.EPYC9654.01'], 'ERT_DRIVER': ['driver1'], 'ERT_KERNEL': ['kernel1'], 'ERT_HIP': ['False'], 'ERT_GPU': ['False'], 'ERT_GPU_CFLAGS': ['-O3', '-gencode', 'arch=compute_70,code=sm_70'], 'ERT_GPU_LDFLAGS': [], 'ERT_FLOPS': ['1,2,4'], 'ERT_ALIGN': ['64'], 'ERT_CC': ['g++'], 'ERT_CFLAGS': ['-O3', '-march=native', '-fopenmp'], 'ERT_LD': ['g++'], 'ERT_LDFLAGS': ['-fopenmp'], 'ERT_LDLIBS': [], 'ERT_RUN': ['srun', '-n', '1', './ERT_CODE'], 'ERT_PRECISION': ['FP64'], 'ERT_BLOCKS_THREADS': ['16384'], 'ERT_GPU_BLOCKS': ['8192,4096,2048,1024'], 'ERT_GPU_THREADS': ['32,64,128,256'], 'ERT_NUM_EXPERIMENTS': ['3'], 'ERT_WSS_MULT': ['1.3'], 'ERT_MEMORY_MAX': ['536870912'], 'ERT_WORKING_SET_MIN': ['512'], 'ERT_TRIALS_MIN': ['32'], 'ERT_GNUPLOT': ['gnuplot'], 'ERT_MPI': [False], 'ERT_OPENMP': [False], 'ERT_OCL': [False], 'ERT_SYCL': [False]}
