fp64
 4096 131072 3216.982 3221.989 4332.066 247.8590640124135 333.25434196081983 333.77302826064926 30.98238300155169 41.65679274510248 41.72162853258116
 5320 65536 2094.984 2102.852 2835.035 245.95923507117197 331.59872401861855 332.8440885467383 30.744904383896497 41.44984050232732 41.60551106834229
 6912 65536 2626.896 2627.85 3535.032 256.28329927423573 344.75699297905135 344.8821970873609 32.035412409279466 43.09462412238142 43.11027463592011
 8984 32768 1775.98 1775.98 2393.961 245.94194475181516 331.5214270430974 331.5214270430974 30.742743093976895 41.440178380387174 41.440178380387174
 11672 32768 2222.061 2223.969 3000.975 254.8958895025783 343.9509237763655 344.24626146626935 31.86198618782229 42.99386547204569 43.03078268328367
 15168 32768 2903.938 2904.892 3917.933 253.71798037383485 342.1986249402732 342.31104383082555 31.714747546729356 42.77482811753415 42.788880478853194
 19712 16384 1884.937 1888.99 2724.886 237.0458125587639 341.9408339906511 342.676076707073 29.63072656984549 42.742604248831384 42.83450958838412
 25624 16384 2491.951 2491.951 3383.875 248.13187011931586 336.94371679057895 336.94371679057895 31.016483764914483 42.11796459882237 42.11796459882237
 33304 8192 1688.004 1735.926 2285.004 238.7972782542175 314.3294910036488 323.2532245184253 29.849659781777188 39.2911863754561 40.406653064803166
 43288 8192 3221.035 3232.956 4386.187 161.6963873177318 219.3752689489124 220.18717337750138 20.212048414716474 27.42190861861405 27.523396672187673
 56272 8192 4181.147 4193.783 5749.941 160.34259273269066 219.83980763906953 220.50419370569847 20.042824091586333 27.47997595488369 27.56302421321231
 73152 4096 2712.965 2724.886 3702.879 161.83655582588574 219.92156148917786 220.88791561999506 20.229569478235717 27.490195186147233 27.610989452499382
 95096 4096 3541.946 3542.9 4774.094 163.17785783019772 219.88383301814895 219.94305729110496 20.397232228774715 27.48547912726862 27.49288216138812
 123624 4096 4597.187 4597.902 6247.044 162.1131223023241 220.25867623972846 220.29293304797042 20.26414028779051 27.532334529966057 27.536616630996303
 160704 2048 2985.001 2990.007 4086.018 161.0965942881309 220.1478404565608 220.51703969278404 20.13707428601636 27.5184800570701 27.564629961598005
 208912 2048 3881.931 3884.077 5539.894 154.46208032139245 220.3106560451814 220.43244766586528 19.307760040174056 27.538832005647674 27.55405595823316
 271584 1024 2529.144 2531.052 3500.938 158.87285978786255 219.75211572105195 219.9178979132861 19.85910747348282 27.469014465131494 27.489737239160764
 353056 1024 3283.978 3299.952 4545.927 159.05637903996256 219.11188041523027 220.17768937550738 19.88204737999532 27.388985051903784 27.522211171938423
 458968 1024 4275.084 4318.953 5826.95 161.31363131655496 217.6375765144932 219.87087598746595 20.16420391456937 27.20469706431165 27.483859498433244
 596656 512 2799.034 2803.802 3893.137 156.9366153824024 217.9097325702742 218.2809297779162 19.6170769228003 27.238716571284275 27.285116222239527
 775648 512 3807.783 3980.875 5388.021 147.41285381033222 199.51984224573744 208.58949997938433 18.426606726291528 24.93998028071718 26.07368749742304
 1008336 512 6168.127 6290.913 7904.053 130.6337475216829 164.13135327097993 167.39863884125603 16.32921844021036 20.51641915887249 20.924829855157004
 1310832 256 5361.795 5369.902 6688.833 100.33827784308563 124.98291104753866 125.17188441557353 12.542284730385704 15.622863880942333 15.646485551946691
 1704080 256 8687.973 8789.062 10553.122 82.67590955548509 99.2698606517965 100.42491614557274 10.334488694435636 12.408732581474563 12.553114518196592
 2215304 128 6005.049 6016.97 7519.007 75.42456390850548 94.25305826686854 94.44016593370011 9.428070488563185 11.781632283358567 11.805020741712514
 2879888 128 7771.969 7784.843 9618.044 76.65293774908912 94.70342921495013 94.86030219626456 9.58161721863614 11.837928651868767 11.85753777453307
 3743848 128 10094.881 10155.916 12533.188 76.47097354639537 94.37111216752876 94.94169252713331 9.558871693299421 11.796389020941096 11.867711565891664
 4867000 64 6692.886 6710.052 8345.842 74.64507475698676 92.84220152094201 93.08032439219792 9.330634344623345 11.605275190117752 11.63504054902474
 6327096 64 8697.987 8714.914 10692.12 75.74440690901336 92.92900515139908 93.1098526590118 9.46805086362667 11.616125643924885 11.638731582376476
 8225224 64 11431.932 11435.032 14667.988 71.77730660810467 92.07046136818856 92.09542813935562 8.972163326013083 11.50880767102357 11.511928517419452
 10692784 32 7542.849 7621.05 9783.983 69.94474295386654 89.79578614495378 90.72675006486277 8.743092869233317 11.224473268119223 11.340843758107846
 13900616 32 10242.939 10254.145 15744.925 56.503249396234025 86.75900565088556 86.85392190659341 7.062906174529253 10.844875706360694 10.856740238324177
 18070800 32 14562.845 14956.951 20669.937 55.95233309129099 77.3239947098844 79.41657004520752 6.9940416364113736 9.66549933873555 9.92707125565094
 23492040 32 26833.057 26946.068 30805.111 48.8065295398546 55.79628760678552 56.03128111716827 6.100816192481825 6.97453595084819 7.003910139646034
 30539648 32 31939.983 32454.014 41942.835 46.600032448927216 60.22482987774641 61.19406738569648 5.825004056115902 7.528103734718301 7.64925842321206
 39701536 32 45017.004 45703.173 55571.079 45.72339334998337 55.59566518499712 56.44307879751394 5.715424168747921 6.94945814812464 7.055384849689243
 51611992 32 68542.004 68721.056 78547.001 42.05338772895988 48.06630864345274 48.19187206723632 5.256673466119985 6.008288580431593 6.02398400840454
 67095584 32 85608.959 85803.986 96063.852 44.70065780830858 50.045663100080226 50.15967284452086 5.587582226038572 6.255707887510028 6.269959105565108
 87224256 32 111253.023 112878.084 126096.01 44.27065046705284 49.454705343864624 50.177084931885396 5.533831308381605 6.181838167983078 6.2721356164856745
 113391528 32 152074.099 152354.956 168442.965 43.083175316938885 47.632567935630526 47.72053781492403 5.385396914617361 5.954070991953816 5.965067226865504
 147408984 32 197182.178 198013.067 212973.833 44.29734321399005 47.64420408679392 47.84496789562797 5.537167901748756 5.95552551084924 5.980620986953496
 191631672 32 255497.217 257110.119 275147.915 44.57394128536283 47.70106698134273 48.00219412174654 5.5717426606703535 5.962633372667841 6.000274265218318
 249121168 32 330329.18 336143.97 357624.769 44.5823559609206 47.43132757074299 48.26626201173024 5.572794495115075 5.928915946342873 6.03328275146628
 323857512 32 428188.086 428279.877 472741.127 43.84403975920632 48.39564471995961 48.406019330486465 5.48050496990079 6.049455589994952 6.050752416310808
 421014760 32 559296.131 559634.924 614483.118 43.84977202905027 48.147360867707384 48.17652607720255 5.481221503631284 6.018420108463423 6.022065759650319
 
META_DATA
 FLOPS          2
 ERT_VERSION  1.1.0
 HOSTNAME  ('dev-amd24.i', ['dev-amd24'], ['192.168.17.192'])
 UNAME  uname_result(system='Linux', node='dev-amd24', release='5.15.0-126-generic', version='#136-Ubuntu SMP Wed Nov 6 10:38:22 UTC 2024', machine='x86_64')
 TIMESTAMP_DATA  1759347975.6527498
 CONFIG  {'ERT_RESULTS': ['Results.EPYC9654.01'], 'ERT_DRIVER': ['driver1'], 'ERT_KERNEL': ['kernel1'], 'ERT_HIP': ['False'], 'ERT_GPU': ['False'], 'ERT_GPU_CFLAGS': ['-O3', '-gencode', 'arch=compute_70,code=sm_70'], 'ERT_GPU_LDFLAGS': [], 'ERT_FLOPS': ['1,2,4'], 'ERT_ALIGN': ['64'], 'ERT_CC': ['g++'], 'ERT_CFLAGS': ['-O3', '-march=native', '-fopenmp'], 'ERT_LD': ['g++'], 'ERT_LDFLAGS': ['-fopenmp'], 'ERT_LDLIBS': [], 'ERT_RUN': ['srun', '-n', '1', './ERT_CODE'], 'ERT_PRECISION': ['FP64'], 'ERT_BLOCKS_THREADS': ['16384'], 'ERT_GPU_BLOCKS': ['8192,4096,2048,1024'], 'ERT_GPU_THREADS': ['32,64,128,256'], 'ERT_NUM_EXPERIMENTS': ['3'], 'ERT_WSS_MULT': ['1.3'], 'ERT_MEMORY_MAX': ['536870912'], 'ERT_WORKING_SET_MIN': ['512'], 'ERT_TRIALS_MIN': ['32'], 'ERT_GNUPLOT': ['gnuplot'], 'ERT_MPI': [False], 'ERT_OPENMP': [False], 'ERT_OCL': [False], 'ERT_SYCL': [False]}
 TIMESTAMP_DATA  1759347999.0182586
 TIMESTAMP_DATA  1759348014.7681491
 