fp64

4096 64 2.146 2.861 12.159 43.11933547166708 183.25340789933588 244.30941286113702 5.389916933958385 22.906675987416985 30.538676607642127
4096 128 2.861 4.053 5.007 209.42200918713803 258.7160128300025 366.50681579867177 26.177751148392254 32.339501603750314 45.81335197483397
4096 256 5.96 7.868 8.106 258.7160128300025 266.5419420437214 351.87114093959735 32.339501603750314 33.317742755465176 43.98389261744967
4096 512 13.113 14.782 16.928 247.77315689981097 283.7440129887701 319.858461069168 30.97164461247637 35.468001623596265 39.982307633646
4096 1024 25.034 29.802 33.855 247.7804755575248 281.47802160928796 335.0885995046737 30.9725594446906 35.184752701160996 41.886074938084214
4096 2048 50.068 59.843 67.949 246.90894641569415 280.35385926507695 335.0885995046737 30.86361830196177 35.04423240813462 41.886074938084214
4096 4096 99.897 121.117 136.137 246.47547690928994 277.0414722953838 335.89028699560544 30.809434613661242 34.63018403692298 41.98628587445068
4096 8192 200.987 200.987 272.036 246.6911144113279 333.89654057227585 333.89654057227585 30.836389301415988 41.73706757153448 41.73706757153448
4096 16384 401.02 401.02 543.118 247.12443336438855 334.6908583113062 334.6908583113062 30.89055417054857 41.83635728891328 41.83635728891328
4096 32768 803.947 803.947 1090.05 246.2597642309986 333.8969558938587 333.8969558938587 30.782470528874825 41.73711948673234 41.73711948673234
4096 65536 1623.154 1625.061 2161.98 248.32371807324768 330.3696981221013 330.7578405992285 31.04046475915596 41.29621226526266 41.34473007490356
4096 131072 3216.982 3221.989 4332.066 247.8590640124135 333.25434196081983 333.77302826064926 30.98238300155169 41.65679274510248 41.72162853258116

5320 8 0.954 0.954 1.192 71.40939597315436 89.22431865828094 89.22431865828094 8.926174496644295 11.153039832285117 11.153039832285117
5320 16 0.954 0.954 0.954 178.44863731656187 178.44863731656187 178.44863731656187 22.306079664570234 22.306079664570234 22.306079664570234
5320 32 0.954 1.907 2.146 158.65796831314074 178.54221289984267 356.89727463312374 19.832246039142593 22.317776612480333 44.61215932914047
5320 64 3.099 3.815 4.053 168.01381692573403 178.4954128440367 219.7353985156502 21.001727115716754 22.31192660550459 27.466924814456274
5320 128 5.96 14.067 15.974 85.25854513584575 96.81666311224852 228.51006711409397 10.657318141980719 12.102082889031065 28.563758389261746
5320 256 7.868 10.967 18.12 150.32229580573951 248.3669189386341 346.19217081850536 18.79028697571744 31.04586486732926 43.27402135231317
5320 512 15.974 16.928 21.935 248.3555960793253 321.81474480151223 341.034180543383 31.044449509915662 40.22684310018903 42.629272567922875
5320 1024 32.902 33.14 43.869 248.36125737992657 328.7676523838262 331.1458270013981 31.04515717249082 41.095956547978275 41.393228375174765
5320 2048 65.088 66.042 87.976 247.68936982813494 329.95245449865234 334.7885939036382 30.961171228516868 41.24405681233154 41.84857423795477
5320 4096 131.13 132.084 176.907 246.35226418400626 329.95245449865234 332.35293220468236 30.794033023000782 41.24405681233154 41.544116525585295
5320 8192 262.022 262.976 354.052 246.18666184628242 331.4480408858603 332.65481524452144 30.773332730785302 41.431005110732535 41.58185190556518
5320 16384 524.044 525.951 722.17 241.39158369912903 331.44867107392133 332.65481524452144 30.17394796239113 41.43108388424017 41.58185190556518
5320 32768 1055.956 1060.009 1412.868 246.76864363833 328.9137356380936 330.17618158332357 30.84608045479125 41.1142169547617 41.272022697915446
5320 65536 2094.984 2102.852 2835.035 245.95923507117197 331.59872401861855 332.8440885467383 30.744904383896497 41.44984050232732 41.60551106834229

6912 1 0.954 0.954 1.192 11.597315436241612 14.490566037735851 14.490566037735851 1.4496644295302015 1.8113207547169814 1.8113207547169814
6912 16 0.954 0.954 0.954 231.84905660377362 231.84905660377362 231.84905660377362 28.981132075471702 28.981132075471702 28.981132075471702
6912 32 1.907 1.907 2.146 206.13606710158436 231.97063450445725 231.97063450445725 25.767008387698045 28.996329313057156 28.996329313057156
6912 64 4.053 5.007 5.007 176.6998202516477 176.6998202516477 218.2916358253146 22.087477531455963 22.087477531455963 27.286454478164323
6912 128 15.974 15.974 19.073 92.77365909925024 110.77200450732441 110.77200450732441 11.59670738740628 13.846500563415551 13.846500563415551
6912 256 10.014 10.014 14.067 251.57773512476007 353.3996405032954 353.3996405032954 31.44721689059501 44.17495506291193 44.17495506291193
6912 512 20.027 20.981 27.895 253.73321383760532 337.3475048853725 353.417286663005 31.716651729700665 42.16843811067156 44.17716083287562
6912 1024 41.008 41.008 55.075 257.0272537448933 345.1954740538431 345.1954740538431 32.12840671811166 43.14943425673039 43.14943425673039
6912 2048 82.016 82.016 111.103 254.82257004761348 345.1954740538431 345.1954740538431 31.852821255951685 43.14943425673039 43.14943425673039
6912 4096 163.078 164.032 221.014 256.1969106029482 345.1954740538431 347.21485424152854 32.024613825368526 43.14943425673039 43.40185678019107
6912 8192 328.064 329.018 441.074 256.7510395081097 344.19456686260327 345.1954740538431 32.093879938513716 43.02432085782541 43.14943425673039
6912 16384 653.982 654.936 881.91 256.8203286049597 345.82373850269335 346.32821086818905 32.10254107561996 43.22796731283667 43.29102635852363
6912 32768 1308.918 1309.156 1778.841 254.65167038538016 346.01287547091414 346.0757908440407 31.83145879817252 43.25160943386427 43.259473855505085
6912 65536 2626.896 2627.85 3535.032 256.28329927423573 344.75699297905135 344.8821970873609 32.035412409279466 43.09462412238142 43.11027463592011

8984 1 0.954 0.954 0.954 18.834381551362686 18.834381551362686 18.834381551362686 2.3542976939203357 2.3542976939203357 2.3542976939203357
8984 8 0.954 0.954 1.192 120.59060402684565 150.6750524109015 150.6750524109015 15.073825503355707 18.834381551362686 18.834381551362686
8984 16 1.907 1.907 2.146 133.96458527493013 150.7540639748296 150.7540639748296 16.745573159366266 18.8442579968537 18.8442579968537
8984 32 3.099 3.099 4.053 141.86429805082656 185.53597934817682 185.53597934817682 17.73303725635332 23.191997418522103 23.191997418522103
8984 64 5.96 5.96 6.914 166.32224472085628 192.94496644295305 192.94496644295305 20.790280590107034 24.11812080536913 24.11812080536913
8984 128 18.12 18.835 22.888 100.48514505417687 122.1079904433236 126.92626931567331 12.560643131772109 15.26349880541545 15.865783664459164
8984 256 13.828 13.828 18.835 244.2159808866472 332.64448944171255 332.64448944171255 30.5269976108309 41.58056118021407 41.58056118021407
8984 512 27.895 28.133 38.147 241.16224080530583 327.0044431806064 329.79444344864675 30.14528010066323 40.8755553975758 41.22430543108084
8984 1024 55.075 55.075 74.863 245.7720369207753 334.07593281888336 334.07593281888336 30.72150461509691 41.75949160236042 41.75949160236042
8984 2048 111.103 111.103 149.012 246.94966848307521 331.210354355868 331.210354355868 30.868708560384402 41.4012942944835 41.4012942944835
8984 4096 221.014 221.968 298.023 246.95049710928353 331.5654869170331 332.99667894341536 30.86881213866044 41.44568586462914 41.62458486792692
8984 8192 442.028 442.028 597.0 246.55587269681746 332.99667894341536 332.99667894341536 30.819484087102182 41.62458486792692 41.62458486792692
8984 16384 885.01 885.01 1193.047 246.7528202996194 332.637723867527 332.637723867527 30.844102537452425 41.57971548344087 41.57971548344087
8984 32768 1775.98 1775.98 2393.961 245.94194475181516 331.5214270430974 331.5214270430974 30.742743093976895 41.440178380387174 41.440178380387174

11672 1 0.954 0.954 1.907 12.241216570529627 24.469601677148848 24.469601677148848 1.5301520713162033 3.058700209643606 3.058700209643606
11672 8 0.954 1.192 1.192 156.6711409395973 156.6711409395973 195.75681341719078 19.583892617449663 19.583892617449663 24.469601677148848
11672 16 1.907 1.907 2.146 174.0465983224604 195.85946512847403 195.85946512847403 21.75582479030755 24.482433141059254 24.482433141059254
11672 32 3.099 4.053 5.007 149.19273017775114 184.30989390574882 241.04808002581476 18.649091272218893 23.038736738218603 30.131010003226844
11672 64 15.974 15.974 16.928 88.25708884688089 93.52798297233004 93.52798297233004 11.032136105860111 11.690997871541255 11.690997871541255
11672 128 9.06 9.06 11.921 250.65279758409528 329.80485651214127 329.80485651214127 31.33159969801191 41.22560706401766 41.22560706401766
11672 256 16.928 17.881 24.08 248.175415282392 334.2130753313573 353.02835538752356 31.021926910299 41.77663441641966 44.128544423440445
11672 512 34.809 35.048 46.968 254.47385453926074 341.02168454690707 343.3631532075038 31.809231817407593 42.62771056836338 42.92039415093797
11672 1024 70.095 77.963 94.175 253.82804353597027 306.61026384310503 341.02654968257366 31.728505441996283 38.32628298038813 42.62831871032171
11672 2048 138.998 138.998 186.92 255.76991226193024 343.9510784327832 343.9510784327832 31.97123903274128 42.9938848040979 42.9938848040979
11672 4096 277.042 286.102 374.079 255.60650023123455 334.2060663679387 345.13548126276885 31.95081252890432 41.77575829599234 43.141935157846106
11672 8192 553.846 555.038 748.158 255.60650023123455 344.5422619712524 345.2837936899427 31.95081252890432 43.06778274640655 43.160474211242835
11672 16384 1107.931 1110.077 1497.984 255.321883277792 344.54195159434886 345.20930996605387 31.915235409724 43.06774394929361 43.15116374575673
11672 32768 2222.061 2223.969 3000.975 254.8958895025783 343.9509237763655 344.24626146626935 31.86198618782229 42.99386547204569 43.03078268328367

15168 1 0.954 1.192 2.146 14.136067101584343 25.449664429530202 31.798742138364783 1.767008387698043 3.1812080536912752 3.974842767295598
15168 4 0.954 0.954 0.954 127.19496855345913 127.19496855345913 127.19496855345913 15.899371069182392 15.899371069182392 15.899371069182392
15168 8 0.954 0.954 0.954 254.38993710691827 254.38993710691827 254.38993710691827 31.798742138364783 31.798742138364783 31.798742138364783
15168 16 1.907 3.099 3.099 156.62342691190705 156.62342691190705 254.52333508127947 19.57792836398838 19.57792836398838 31.815416885159934
15168 32 5.007 5.007 5.007 193.87896944278012 193.87896944278012 193.87896944278012 24.234871180347515 24.234871180347515 24.234871180347515
15168 64 9.06 16.928 18.12 107.14701986754967 114.69187145557655 214.29403973509935 13.39337748344371 14.336483931947068 26.78675496688742
15168 128 10.967 15.974 21.935 177.02338728060178 243.08300989107298 354.0629160207896 22.127923410075223 30.385376236384122 44.2578645025987
15168 256 22.888 23.127 30.994 250.56514164031745 335.79867687118957 339.3051380636141 31.32064270503968 41.974834608898696 42.41314225795176
15168 512 45.061 46.015 61.035 254.4774637503072 337.54280126045853 344.6890215485675 31.8096829687884 42.19285015755732 43.08612769357094
15168 1024 89.884 91.076 121.832 254.97458795718694 341.0784839035531 345.60170886920923 31.871823494648368 42.63481048794414 43.200213608651154
15168 2048 180.96 182.152 247.002 251.52884592027593 341.0784839035531 343.325198938992 31.44110574003449 42.63481048794414 42.915649867374
15168 4096 361.919 363.111 489.95 253.6100744973977 342.1990961441543 343.3261475634051 31.701259312174713 42.774887018019285 42.915768445425634
15168 8192 732.899 734.806 996.113 249.48224950382132 338.2015280223623 339.0815269225364 31.185281187977665 42.27519100279529 42.38519086531705
15168 16384 1447.916 1449.823 1954.079 254.3525742817972 342.8177260258666 343.26923937576487 31.79407178522465 42.852215753233324 42.90865492197061
15168 32768 2903.938 2904.892 3917.933 253.71798037383485 342.1986249402732 342.31104383082555 31.714747546729356 42.77482811753415 42.788880478853194

19712 1 0.954 1.907 2.146 18.370922646784717 20.673308862087048 41.324947589098535 2.2963653308480896 2.584163607760881 5.165618448637317
19712 4 0.954 0.954 0.954 165.29979035639414 165.29979035639414 165.29979035639414 20.662473794549268 20.662473794549268 20.662473794549268
19712 8 0.954 2.146 2.146 146.96738117427773 146.96738117427773 330.5995807127883 18.370922646784717 18.370922646784717 41.324947589098535
19712 16 2.861 3.099 4.053 155.63385146804836 203.5443691513391 220.4767563788885 19.454231433506045 25.44304614391739 27.559594547361062
19712 32 5.96 5.96 16.928 74.52551984877127 211.6724832214765 211.6724832214765 9.315689981096408 26.459060402684564 26.459060402684564
19712 64 8.106 10.967 18.12 139.2459161147903 230.06619859578737 311.2677029360967 17.405739514348788 28.75827482447342 38.90846286701209
19712 128 15.02 15.02 21.219 237.81855883877657 335.97017310252994 335.97017310252994 29.72731985484707 41.99627163781624 41.99627163781624
19712 256 29.087 30.041 41.962 240.5162766312378 335.9589893811791 346.97782514525386 30.064534578904723 41.99487367264739 43.37222814315673
19712 512 58.889 59.128 83.923 240.51914254733506 341.3795156271141 342.7649985566065 30.064892818416883 42.67243945338926 42.84562481957581
19712 1024 117.779 169.992 174.999 230.68803821736128 237.48279919055017 342.76208831795145 28.83600477717016 29.68534989881877 42.84526103974393
19712 2048 241.995 244.856 319.004 253.10137803914685 329.7462671937792 333.6447116675964 31.637672254893356 41.2182833992224 41.70558895844955
19712 4096 471.115 472.069 670.91 240.68907006901077 342.070129578515 342.7628158729822 30.086133758626346 42.75876619731437 42.84535198412277
19712 8192 942.945 943.184 1342.773 240.5182469412179 342.4161224108976 342.5029116226291 30.06478086765224 42.8020153013622 42.812863952828636
19712 16384 1884.937 1888.99 2724.886 237.0458125587639 341.9408339906511 342.676076707073 29.63072656984549 42.742604248831384 42.83450958838412

25624 1 1.907 2.861 3.099 16.536947402387867 17.912617965746243 26.873623492396433 2.0671184252984833 2.2390772457182804 3.359202936549554
25624 2 0.954 0.954 0.954 107.43815513626836 107.43815513626836 107.43815513626836 13.429769392033545 13.429769392033545 13.429769392033545
25624 4 0.954 0.954 0.954 214.87631027253673 214.87631027253673 214.87631027253673 26.85953878406709 26.85953878406709 26.85953878406709
25624 8 2.146 2.146 3.099 132.29557921910293 191.0456663560112 191.0456663560112 16.536947402387867 23.8807082945014 23.8807082945014
25624 16 4.053 4.053 4.768 171.97315436241612 202.3113742906489 202.3113742906489 21.496644295302016 25.288921786331112 25.288921786331112
25624 32 16.928 16.928 20.027 81.88625355769712 96.87712665406427 96.87712665406427 10.23578169471214 12.109640831758034 12.109640831758034
25624 64 10.014 10.014 13.828 237.19062771188894 327.5286598761734 327.5286598761734 29.648828463986117 40.94108248452167 40.94108248452167
25624 128 20.027 20.027 27.895 235.15841548664636 327.54501423078847 327.54501423078847 29.394801935830795 40.94312677884856 40.94312677884856
25624 256 38.862 39.101 56.028 234.15949168273008 335.52819620981563 337.5916833925171 29.26993646034126 41.941024526226954 42.19896042406464
25624 512 77.963 78.917 110.149 238.2134744754832 332.4882598172764 336.55677693264755 29.7766843094354 41.56103247715955 42.069597116580944
25624 1024 156.164 156.879 220.06 238.47110787966918 334.51228016496793 336.0438513357753 29.808888484958647 41.81403502062099 42.00548141697191
25624 2048 310.898 311.852 447.989 234.28232389634567 336.55677693264755 337.5895116726386 29.28529048704321 42.069597116580944 42.198688959079824
25624 4096 622.988 623.941 843.048 248.99152598665793 336.42893799253454 336.9435815778153 31.12394074833224 42.05361724906682 42.11794769722691
25624 8192 1250.982 1252.174 1682.997 249.45000852645606 335.2757811614041 335.5952491722503 31.181251065807007 41.90947264517551 41.94940614653129
25624 16384 2491.951 2491.951 3383.875 248.13187011931586 336.94371679057895 336.94371679057895 31.016483764914483 42.11796459882237 42.11796459882237

33304 1 2.861 2.861 3.099 21.493384962891252 23.281370150297096 23.281370150297096 2.6866731203614065 2.910171268787137 2.910171268787137
33304 2 0.954 0.954 2.146 62.07642124883504 139.63941299790358 139.63941299790358 7.75955265610438 17.454926624737947 17.454926624737947
33304 4 0.954 1.192 1.907 139.71263765076034 223.51677852348993 279.27882599580715 17.464079706345043 27.93959731543624 34.909853249475894
33304 8 2.861 2.861 3.099 171.94707970313002 186.25096120237677 186.25096120237677 21.493384962891252 23.281370150297096 23.281370150297096
33304 16 5.007 5.96 6.914 154.14058432166618 178.81342281879193 212.84761334132216 19.267573040208273 22.351677852348992 26.60595166766527
33304 32 17.166 17.166 20.027 106.42912068707244 124.16730746825118 124.16730746825118 13.303640085884055 15.520913433531398 15.520913433531398
33304 64 14.067 14.067 18.12 235.26004415011036 303.0434349896922 303.0434349896922 29.407505518763795 37.88042937371152 37.88042937371152
33304 128 26.941 26.941 36.001 236.82186605927615 316.46278905757026 316.46278905757026 29.60273325740952 39.55784863219628 39.55784863219628
33304 256 53.167 54.121 72.002 236.82186605927615 315.065279651152 320.7186412624372 29.60273325740952 39.383159956394 40.08983015780465
33304 512 104.904 105.858 143.051 238.39956379193433 322.160781424172 325.0905208571646 29.79994547399179 40.2700976780215 40.63631510714558
33304 1024 211.0 211.954 286.102 238.39956379193433 321.79903186540474 323.253990521327 29.79994547399179 40.22487898317559 40.40674881516588
33304 2048 419.855 423.908 571.966 238.49876391254023 321.79903186540474 324.905464981958 29.81234548906753 40.22487898317559 40.61318312274475
33304 4096 841.141 860.929 1156.092 235.99018763212615 316.897639642758 324.35271613201587 29.49877345401577 39.61220495534475 40.544089516501984
33304 8192 1688.004 1735.926 2285.004 238.7972782542175 314.3294910036488 323.2532245184253 29.849659781777188 39.2911863754561 40.406653064803166

43288 1 3.099 3.099 3.815 22.69357798165138 27.93675379154566 27.93675379154566 2.8366972477064225 3.4920942239432073 3.4920942239432073
43288 2 1.907 2.146 2.146 80.68592730661697 80.68592730661697 90.79811221814369 10.085740913327122 10.085740913327122 11.34976402726796
43288 4 2.861 2.861 2.861 121.04299196085285 121.04299196085285 121.04299196085285 15.130373995106606 15.130373995106606 15.130373995106606
43288 8 3.815 5.007 5.96 116.20939597315437 138.32794088276415 181.54862385321104 14.526174496644296 17.29099261034552 22.69357798165138
43288 16 10.967 16.928 18.12 76.4467991169978 81.82986767485822 126.30765022339747 9.555849889624724 10.228733459357278 15.788456277924684
43288 32 14.067 14.067 27.895 99.31643663739023 196.94547522570556 196.94547522570556 12.414554579673778 24.618184403213196 24.618184403213196
43288 64 26.941 26.941 36.001 153.90861364962086 205.66660480308826 205.66660480308826 19.238576706202608 25.708325600386033 25.708325600386033
43288 128 54.121 54.121 72.956 151.89604693239764 204.75837475286858 204.75837475286858 18.987005866549705 25.594796844108572 25.594796844108572
43288 256 106.096 106.096 144.005 153.90754487691402 208.90001508068164 208.90001508068164 19.238443109614252 26.112501885085205 26.112501885085205
43288 512 211.0 211.954 286.102 154.9339466344171 209.1345858063542 210.0801516587678 19.36674332930214 26.141823225794276 26.260018957345974
43288 1024 422.001 422.955 569.105 155.77762275854192 209.605806764313 210.07965383968286 19.47220284481774 26.200725845539125 26.259956729960358
43288 2048 841.141 845.909 1086.95 163.12401490408945 209.6060545519672 210.79420453883478 20.39050186301118 26.2007568189959 26.349275567354347
43288 4096 1662.016 1682.043 2177.0 162.89172990353697 210.8241561006467 213.36455004043282 20.36146623794212 26.353019512580836 26.670568755054102
43288 8192 3221.035 3232.956 4386.187 161.6963873177318 219.3752689489124 220.18717337750138 20.212048414716474 27.42190861861405 27.523396672187673

56272 1 3.815 5.007 5.96 18.88322147651007 22.477331735570203 29.500393184796856 2.3604026845637587 2.8096664669462754 3.687549148099607
56272 2 1.907 1.907 2.861 78.674589304439 118.03251179863659 118.03251179863659 9.834323663054874 14.754063974829574 14.754063974829574
56272 4 2.861 3.099 4.053 111.07229212928695 145.26492416908678 157.349178608878 13.884036516160869 18.158115521135848 19.66864732610975
56272 8 7.153 15.02 15.02 59.94354194407457 59.94354194407457 125.87054382776458 7.492942743009321 7.492942743009321 15.733817978470572
56272 16 10.014 10.014 22.888 78.674589304439 179.81865388456163 179.81865388456163 9.834323663054874 22.477331735570203 22.477331735570203
56272 32 18.12 18.12 25.034 143.86066948949428 198.75320088300222 198.75320088300222 17.982583686186786 24.844150110375278 24.844150110375278
56272 64 33.855 35.048 46.968 153.35581672628172 205.51289659895 212.75486634175164 19.169477090785215 25.68911207486875 26.594358292718955
56272 128 67.949 68.903 92.983 154.92758891410259 209.07118703104365 212.0065343124991 19.365948614262823 26.133898378880456 26.500816789062387
56272 256 134.945 135.899 182.867 157.55310690283102 212.00497428237145 213.50375338100707 19.694138362853877 26.50062178529643 26.687969172625884
56272 512 269.89 270.128 366.926 157.04127807786855 213.31564295445125 213.50375338100707 19.63015975973357 26.664455369306406 26.687969172625884
56272 1024 539.064 539.064 705.004 163.4672370653216 213.78733508451685 213.78733508451685 20.4334046331652 26.723416885564607 26.723416885564607
56272 2048 1056.91 1075.983 1415.014 162.88892689400956 214.21352567837968 218.0792233965049 20.361115861751195 26.77669070979746 27.25990292456311
56272 4096 2089.977 2097.13 2854.109 161.5145826595971 219.8148059490828 220.56712777221952 20.189322832449637 27.47685074363535 27.57089097152744
56272 8192 4181.147 4193.783 5749.941 160.34259273269066 219.83980763906953 220.50419370569847 20.042824091586333 27.47997595488369 27.56302421321231

73152 1 5.96 6.199 6.914 21.160543824124964 23.601226004194224 24.54765100671141 2.6450679780156205 2.950153250524278 3.068456375838926
73152 2 2.861 2.861 3.099 94.42013552758952 102.2747291156938 102.2747291156938 11.80251694094869 12.784341139461725 12.784341139461725
73152 4 4.053 5.007 5.007 116.87956860395447 116.87956860395447 144.39082161361952 14.609946075494308 14.609946075494308 18.04885270170244
73152 8 16.928 17.166 18.835 62.14133262543137 68.18315274379586 69.14177693761813 7.767666578178921 8.522894092974482 8.642722117202267
73152 16 11.921 12.159 17.166 136.36630548759172 192.52109548482605 196.36473450213907 17.045788185948965 24.065136935603256 24.545591812767384
73152 32 22.888 23.127 30.994 151.0527198812673 202.43559475937218 204.5494582313876 18.881589985158413 25.304449344921522 25.56868227892345
73152 64 44.107 45.061 61.035 153.41125583681495 207.79512216772818 212.28956854920986 19.176406979601868 25.974390270966023 26.536196068651233
73152 128 87.976 87.976 118.017 158.67978342103257 212.86387196508136 212.86387196508136 19.83497292762907 26.60798399563517 26.60798399563517
73152 256 174.046 174.999 236.034 158.67978342103257 214.0230744175681 215.1949714443308 19.83497292762907 26.752884302196012 26.89937143054135
73152 512 339.985 339.985 459.909 162.87493395432574 220.32633204406073 220.32633204406073 20.359366744290718 27.540791505507592 27.540791505507592
73152 1024 679.016 679.97 925.064 161.95127688462637 220.32633204406073 220.63588486869233 20.243909610578296 27.540791505507592 27.57948560858654
73152 2048 1357.079 1363.993 1840.83 162.76928993986408 219.67164934130892 220.79082499987103 20.34616124248301 27.458956167663615 27.59885312498388
73152 4096 2712.965 2724.886 3702.879 161.83655582588574 219.92156148917786 220.88791561999506 20.229569478235717 27.490195186147233 27.610989452499382

95096 1 8.106 8.106 9.06 20.992494481236204 23.46311374290649 23.46311374290649 2.6240618101545254 2.9328892178633112 2.9328892178633112
95096 2 3.099 4.053 4.053 93.85245497162596 93.85245497162596 122.74411100354952 11.731556871453245 11.731556871453245 15.34301387544369
95096 4 15.02 15.02 16.928 44.94139886578449 50.650332889480694 50.650332889480694 5.617674858223062 6.331291611185087 6.331291611185087
95096 8 7.868 9.06 13.113 116.03263936551514 167.93995584988963 193.38281647178445 14.504079920689392 20.992494481236204 24.172852058973056
95096 16 15.974 15.974 21.935 138.73134260314566 190.5015650431952 190.5015650431952 17.341417825393208 23.8126956303994 23.8126956303994
95096 32 29.087 30.041 41.962 145.03941661503265 202.5945873972238 209.23931653315913 18.12992707687908 25.324323424652974 26.15491456664489
95096 64 56.982 57.936 81.062 150.1602230391552 210.0988677161005 213.61637008178022 18.7700278798944 26.262358464512563 26.702046260222527
95096 128 113.01 113.01 159.979 152.17357278142757 215.4196619768162 215.4196619768162 19.021696597678446 26.927457747102025 26.927457747102025
95096 256 224.113 224.829 328.064 148.41357783847053 216.56081733228362 217.2526894914619 18.551697229808816 27.070102166535452 27.156586186432737
95096 512 447.989 447.989 602.961 161.5001699944109 217.36762286574 217.36762286574 20.187521249301362 27.1709528582175 27.1709528582175
95096 1024 893.831 898.123 1211.882 160.70591691270272 216.8484806646751 217.88974425814277 20.08823961408784 27.106060083084387 27.236218032267846
95096 2048 1769.066 1783.848 2470.97 157.63575276106144 218.3556087738417 220.18014929912167 19.70446909513268 27.294451096730214 27.52251866239021
95096 4096 3541.946 3542.9 4774.094 163.17785783019772 219.88383301814895 219.94305729110496 20.397232228774715 27.48547912726862 27.49288216138812

123624 1 10.014 10.014 10.014 24.690233672858 24.690233672858 24.690233672858 3.08627920910725 3.08627920910725 3.08627920910725
123624 2 3.815 4.053 5.007 98.760934691432 122.00740192450037 129.61887287024902 12.345116836429 15.250925240562546 16.202359108781128
123624 4 16.928 16.928 18.835 52.508202813910266 58.42344045368619 58.42344045368619 6.563525351738783 7.302930056710774 7.302930056710774
123624 8 10.967 11.206 15.974 123.82521597596093 176.51115473853292 180.3578006747515 15.478151996995116 22.063894342316615 22.544725084343938
123624 16 20.027 20.981 27.895 141.8163828643126 188.55002144797672 197.53173216158186 17.727047858039075 23.56875268099709 24.691466520197732
123624 32 38.862 39.101 51.975 152.22580086580086 202.34612925500628 203.59055118110234 19.028225108225108 25.293266156875784 25.448818897637793
123624 64 75.102 75.817 101.089 156.53406404257635 208.71139718005196 210.6984101621794 19.566758005322043 26.088924647506495 26.337301270272427
123624 128 147.104 147.82 197.887 159.92836315675106 214.0964957380598 215.1385686317163 19.991045394593883 26.762061967257473 26.89232107896454
123624 256 292.778 293.016 392.914 161.092473162066 216.01376034073223 216.18935849005047 20.13655914525825 27.00172004259153 27.02366981125631
123624 512 583.887 586.033 785.112 161.23938495399383 216.01339173732535 216.8073205945671 20.15492311924923 27.00167396716567 27.100915074320888
123624 1024 1148.939 1164.913 1580.954 160.14504659844627 217.33979447392207 220.36152659105485 20.018130824805784 27.16747430924026 27.545190823881857
123624 2048 2301.931 2315.998 3098.011 163.4480652263662 218.63745305479537 219.97353700002301 20.431008153295775 27.32968163184942 27.496692125002877
123624 4096 4597.187 4597.902 6247.044 162.1131223023241 220.25867623972846 220.29293304797042 20.26414028779051 27.532334529966057 27.536616630996303

160704 1 12.875 13.113 13.113 24.510638297872344 24.510638297872344 24.96372815533981 3.063829787234043 3.063829787234043 3.120466019417476
160704 2 8.106 15.02 15.02 42.79733688415446 42.79733688415446 79.30125832716507 5.349667110519308 5.349667110519308 9.912657290895634
160704 4 9.06 9.06 11.921 107.84598607499372 141.9019867549669 141.9019867549669 13.480748259374215 17.737748344370864 17.737748344370864
160704 8 15.02 15.02 19.789 129.93400373945119 171.18934753661784 171.18934753661784 16.241750467431398 21.39866844207723 21.39866844207723
160704 16 25.988 26.941 36.001 142.8440321102192 190.88111057496013 197.880868092966 17.8555040137774 23.860138821870017 24.73510851162075
160704 32 50.068 50.068 66.996 153.51746372917788 205.42174642486222 205.42174642486222 19.189682966147235 25.677718303107778 25.677718303107778
160704 64 97.036 97.99 131.13 156.86808510638298 209.9205225022962 211.984335710458 19.608510638297872 26.240065312787024 26.49804196380725
160704 128 190.973 191.927 257.015 160.06935003793555 214.35349898659388 215.42429558105073 20.008668754741944 26.794187373324235 26.92803694763134
160704 256 377.893 389.814 511.169 160.96525415273618 211.0761747910542 217.73477677543647 20.120656769092022 26.384521848881775 27.21684709692956
160704 512 748.873 754.118 1020.908 161.19072041751068 218.21637462572173 219.74473108257342 20.148840052188834 27.277046828215216 27.468091385321678
160704 1024 1517.057 1546.144 2110.958 155.91110386848058 212.86619616284125 216.94754514827065 19.488887983560073 26.608274520355156 27.11844314353383
160704 2048 2985.001 2990.007 4086.018 161.0965942881309 220.1478404565608 220.51703969278404 20.13707428601636 27.5184800570701 27.564629961598005

208912 1 15.974 15.974 16.928 24.68241965973535 26.15650431951922 26.15650431951922 3.0853024574669186 3.2695630399399027 3.2695630399399027
208912 2 6.914 10.014 17.166 48.68041477338926 83.44797283802677 120.86317616430432 6.085051846673657 10.430996604753346 15.10789702053804
208912 4 11.921 11.921 15.974 104.62601727807689 140.19763442664205 140.19763442664205 13.07825215975961 17.524704303330257 17.524704303330257
208912 8 19.073 20.027 26.226 127.45336688782126 166.9042792230489 175.25255596917106 15.931670860977658 20.86303490288111 21.906569496146382
208912 16 34.094 35.048 46.968 142.33486629194346 190.74366582971925 196.08095266029213 17.791858286492932 23.842958228714906 24.510119082536516
208912 32 64.85 65.088 87.976 151.97744839501684 205.41986234021633 206.17375481881268 18.997181049377105 25.67748279252704 25.771719352351585
208912 64 124.931 125.885 169.992 157.30584968704412 212.4219406601263 214.04404031025126 19.663231210880515 26.552742582515787 26.755505038781408
208912 128 247.955 247.955 334.024 160.11266256316912 215.6902341150612 215.6902341150612 20.01408282039614 26.96127926438265 26.96127926438265
208912 256 491.858 491.858 664.949 160.85886887565815 217.46712262482262 217.46712262482262 20.10735860945727 27.183390328102828 27.183390328102828
208912 512 978.947 980.139 1326.084 161.32152111027656 218.26076505475243 218.52652697234888 20.16519013878457 27.282595631844053 27.31581587154361
208912 1024 1949.072 1959.801 2766.132 154.6751116721834 218.313887991689 219.5156341068981 19.334388959022924 27.289235998961125 27.43945426336226
208912 2048 3881.931 3884.077 5539.894 154.46208032139245 220.3106560451814 220.43244766586528 19.307760040174056 27.538832005647674 27.55405595823316

271584 1 20.981 30.994 31.948 17.001627644923 17.52494031102794 25.888565845288593 2.125203455615375 2.1906175388784925 3.236070730661074
271584 2 10.014 10.014 13.113 82.84420041180509 108.48172558418216 108.48172558418216 10.355525051475636 13.56021569802277 13.56021569802277
271584 4 15.02 15.974 20.981 103.55426338115437 136.013021159384 144.65193075898802 12.944282922644296 17.001627644923 18.081491344873502
271584 8 24.796 25.034 34.094 127.45186836393499 173.57769433570346 175.2437489917729 15.931483545491874 21.697211791962932 21.90546862397161
271584 16 44.823 44.823 60.081 144.6495231437559 193.88903018539588 193.88903018539588 18.08119039296949 24.236128773174485 24.236128773174485
271584 32 83.923 84.877 113.964 152.51637359166054 204.78310967635522 207.11099460219486 19.064546698957567 25.597888709544403 25.888874325274358
271584 64 162.84 164.032 245.094 141.83436559034493 211.9266484588373 213.4779661016949 17.729295698793116 26.49083105735466 26.684745762711863
271584 128 320.911 323.057 452.995 153.4796278104615 215.21125993245772 216.65042332609352 19.184953476307687 26.901407491557215 27.08130291576169
271584 256 636.101 643.015 890.017 156.2341033935307 216.24846698755084 218.5989457649021 19.529262924191336 27.031058373443855 27.324868220612764
271584 512 1264.095 1267.91 1780.987 156.1505030637506 219.33892468708345 220.00088284503934 19.518812882968824 27.41736558588543 27.500110355629918
271584 1024 2529.144 2531.052 3500.938 158.87285978786255 219.75211572105195 219.9178979132861 19.85910747348282 27.469014465131494 27.489737239160764

353056 1 27.895 36.001 37.193 18.985077837227433 19.61367739785006 25.313210252733462 2.373134729653429 2.4517096747312577 3.164151281591683
353056 2 13.113 14.067 15.02 94.02290279627162 100.39269211630055 107.69648440478913 11.752862849533953 12.549086514537569 13.462060550598641
353056 4 19.073 20.027 25.988 108.6827766661536 141.03200679083236 148.0861951449693 13.5853470832692 17.629000848854044 18.510774393121164
353056 8 31.948 32.902 57.22 98.72240475358267 171.68852957267035 176.81532490296732 12.340300594197833 21.461066196583793 22.101915612870915
353056 16 58.174 58.174 77.963 144.91222759514127 194.20689655172413 194.20689655172413 18.11402844939266 24.275862068965516 24.275862068965516
353056 32 109.911 109.911 148.058 152.61305704521203 205.58073350256115 205.58073350256115 19.076632130651504 25.697591687820143 25.697591687820143
353056 64 212.193 212.193 287.056 157.429797670141 212.97200190392707 212.97200190392707 19.678724708767625 26.621500237990883 26.621500237990883
353056 128 417.948 418.901 564.098 160.2245283620931 215.7606116958422 216.25258644616076 20.02806604526164 26.970076461980273 27.031573305770095
353056 256 830.173 837.088 1118.898 161.55598812402917 215.94464620207194 217.74337638058572 20.194498515503646 26.993080775258992 27.217922047573214
353056 512 1645.088 1661.062 2319.813 155.84417537103204 217.64951819980232 219.76292088933843 19.480521921379005 27.20618977497529 27.470365111167304
353056 1024 3283.978 3299.952 4545.927 159.05637903996256 219.11188041523027 220.17768937550738 19.88204737999532 27.388985051903784 27.522211171938423

458968 1 43.869 44.107 46.968 19.543859649122805 20.811571859342056 20.92447970092776 2.4429824561403506 2.601446482417757 2.61555996261597
458968 2 17.166 17.881 22.888 80.21111499475707 102.67166265868798 106.94815332634276 10.026389374344634 12.833957832335997 13.368519165792845
458968 4 25.034 26.226 33.855 108.45499926155665 140.00396553038968 146.67028840776544 13.556874907694581 17.50049569129871 18.33378605097068
458968 8 41.962 41.962 57.22 128.33778399161133 175.00328868976692 175.00328868976692 16.042222998951416 21.875411086220865 21.875411086220865
458968 16 75.102 75.102 102.043 143.9292847133071 195.56038454368723 195.56038454368723 17.99116058916339 24.445048067960904 24.445048067960904
458968 32 141.859 143.051 191.927 153.0475232770793 205.3390189512831 207.06442312436994 19.130940409634913 25.667377368910387 25.883052890546242
458968 64 274.897 276.089 371.933 157.95292162835779 212.786108827226 213.70878547237695 19.744115203544723 26.59826360340325 26.713598184047118
458968 128 542.879 543.118 745.058 157.70021662743036 216.3356913230642 216.43093212299607 19.712527078428796 27.041961415383025 27.05386651537451
458968 256 1077.175 1081.944 1454.115 161.60456084972645 217.19388064446957 218.15546777450277 20.200570106215807 27.149235080558697 27.269433471812846
458968 512 2139.091 2150.059 2913.952 161.28722504694653 218.59085355332107 219.7116588307837 20.160903130868316 27.323856694165134 27.463957353847963
458968 1024 4275.084 4318.953 5826.95 161.31363131655496 217.6375765144932 219.87087598746595 20.16420391456937 27.20469706431165 27.483859498433244

596656 1 54.836 56.028 60.081 19.861720011318052 21.298493610337687 21.761470566780947 2.4827150014147565 2.662311701292211 2.7201838208476183
596656 2 22.888 24.08 31.233 76.41353696410847 99.11229235880398 104.27403005941977 9.55169212051356 12.389036544850498 13.034253757427471
596656 4 32.902 34.094 44.823 106.49104254512191 140.00258109931366 145.0747067047596 13.31138031814024 17.500322637414207 18.13433833809495
596656 8 55.075 56.028 73.91 129.16379380327425 170.3879488827015 173.33628688152518 16.14547422540928 21.298493610337687 21.667035860190648
596656 16 97.99 99.182 132.084 144.5518912207383 192.50460769091166 194.84633125829168 18.068986402592287 24.063075961363957 24.35579140728646
596656 32 186.92 187.159 250.101 152.68225237004248 204.029643244514 204.29052000855984 19.08528154625531 25.50370540556425 25.53631500106998
596656 64 360.966 439.167 486.135 157.10032809816204 173.90188242741374 211.57662494528572 19.637541012270255 21.737735303426717 26.447078118160714
596656 128 710.964 834.942 993.013 153.81866702651425 182.93957664125173 214.84060515019044 19.22733337831428 22.867447080156467 26.855075643773805
596656 256 1405.954 1416.206 1951.933 156.50530627844296 215.70864125699228 217.28155544206993 19.56316328480537 26.963580157124035 27.16019443025874
596656 512 2799.034 2803.802 3893.137 156.9366153824024 217.9097325702742 218.2809297779162 19.6170769228003 27.238716571284275 27.285116222239527

775648 1 66.996 66.996 74.148 20.92161622700545 23.155054033076603 23.155054033076603 2.6152020283756814 2.8943817541345753 2.8943817541345753
775648 2 35.048 36.955 45.061 68.8531546126362 83.95594642132323 88.5240812599863 8.606644326579525 10.494493302665404 11.065510157498288
775648 4 46.015 46.968 61.989 100.10137282421076 132.11514222449327 134.8513310876888 12.512671603026345 16.51439277806166 16.8564163859611
775648 8 73.91 78.201 102.043 121.61900375331966 158.69832866587385 167.91189284264647 15.202375469164958 19.83729108323423 20.98898660533081
775648 16 133.991 139.952 185.013 134.1567133120375 177.35177775237224 185.24181474875175 16.76958916400469 22.16897221904653 23.15522684359397
775648 32 252.008 262.976 346.899 143.10064889204062 188.76807009004625 196.98371480270467 17.887581111505078 23.59600876125578 24.622964350338084
775648 64 488.043 512.123 705.957 140.63596508002612 193.86542686034406 203.43073048891182 17.579495635003266 24.233178357543007 25.428841311113977
775648 128 960.827 1116.991 1383.066 143.56935099264965 177.76856572702914 206.66143645005812 17.946168874081206 22.221070715878643 25.832679556257265
775648 256 1912.832 2121.21 2660.036 149.295639607885 187.21945304802446 207.61456102783723 18.661954950985624 23.402431631003058 25.951820128479653
775648 512 3807.783 3980.875 5388.021 147.41285381033222 199.51984224573744 208.58949997938433 18.426606726291528 24.93998028071718 26.07368749742304

1008336 1 85.831 87.976 92.983 21.688609745867527 22.922978994271165 23.49584648903077 2.711076218233441 2.8653723742838957 2.9369808111288465
1008336 2 56.982 60.081 70.095 57.5411084956131 67.13177210765467 70.7827735074234 7.192638561951638 8.391471513456834 8.847846688427925
1008336 4 72.956 73.91 92.03 87.65280886667392 109.14203761331349 110.56921980371732 10.95660110833424 13.642754701664186 13.821152475464665
1008336 8 120.163 120.878 153.065 105.40212328095907 133.4682572511127 134.26242687016804 13.175265410119884 16.683532156389088 16.782803358771005
1008336 16 216.961 217.915 275.135 117.27607174659714 148.07035770828077 148.72143841519903 14.659508968324642 18.508794713535096 18.59017980189988
1008336 32 411.987 473.022 530.958 121.54163606160941 136.4281238504763 156.63966096017595 15.192704507701176 17.05351548130954 19.579957620021993
1008336 64 894.07 935.078 1007.08 128.15963776462644 138.02806610785413 144.3589517599293 16.019954720578305 17.253508263481766 18.044868969991164
1008336 128 1571.178 1607.18 1987.934 129.8503954356634 160.61300912156696 164.29329840412734 16.231299429457923 20.07662614019587 20.536662300515918
1008336 256 3087.997 3290.892 3944.874 130.87060119030417 156.8778410230418 167.18540594437107 16.35882514878802 19.609730127880226 20.898175743046384
1008336 512 6168.127 6290.913 7904.053 130.6337475216829 164.13135327097993 167.39863884125603 16.32921844021036 20.51641915887249 20.924829855157004

1310832 1 110.149 111.103 118.017 22.214291161442844 23.59669855899481 23.801069460458105 2.7767863951803555 2.949587319874351 2.975133682557263
1310832 2 97.99 97.99 148.058 35.41401342717044 53.50880702112461 53.50880702112461 4.426751678396305 6.688600877640576 6.688600877640576
1310832 4 123.024 123.978 156.879 66.84550513453044 84.58481343464165 85.24073351541162 8.355688141816305 10.573101679330206 10.655091689426452
1310832 8 205.994 206.947 262.022 80.04408790101596 101.3462963947291 101.81515966484461 10.005510987626995 12.668287049341137 12.726894958105577
1310832 16 394.106 399.113 488.997 85.78094344137081 105.09961840381045 106.4348779262432 10.722617930171351 13.137452300476307 13.3043597407804
1310832 32 705.957 709.057 891.924 94.05874043079905 118.31664873204834 118.83620107173667 11.757342553849881 14.789581091506042 14.854525133967083
1310832 64 1368.046 1447.916 1658.916 101.14224951715458 115.8813743338702 122.64682327933417 12.642781189644323 14.485171791733775 15.330852909916771
1310832 128 2686.024 2778.053 3423.929 98.00816313656037 120.79430881988213 124.93298347296972 12.251020392070046 15.099288602485267 15.616622934121215
1310832 256 5361.795 5369.902 6688.833 100.33827784308563 124.98291104753866 125.17188441557353 12.542284730385704 15.622863880942333 15.646485551946691

1704080 1 138.044 144.005 155.926 21.85754781114118 23.666956008471928 24.68893975833792 2.7321934763926476 2.958369501058991 3.08611746979224
1704080 2 152.826 152.826 181.913 37.47021928064514 44.60183476633557 44.60183476633557 4.683777410080642 5.575229345791946 5.575229345791946
1704080 4 200.987 200.987 241.995 56.3343870741131 67.82846651773498 67.82846651773498 7.041798384264138 8.478558314716873 8.478558314716873
1704080 8 334.978 345.945 408.173 66.79834285952279 78.81391550680021 81.39424081581477 8.349792857440349 9.851739438350027 10.174280101976846
1704080 16 607.967 611.067 744.104 73.28351950802576 89.23826683489699 89.6932892739244 9.16043993850322 11.154783354362124 11.21166115924055
1704080 32 1146.078 1151.8 1429.081 76.31556223894938 94.68754992186143 95.1602945000253 9.539445279868673 11.835943740232679 11.895036812503163
1704080 64 2241.135 2248.049 2696.037 80.90476503104372 97.02735127214754 97.32668491634819 10.113095628880465 12.128418909018443 12.165835614543523
1704080 128 4404.068 4430.056 5346.06 81.60111932900116 98.47380710311563 99.05489197714475 10.200139916125146 12.309225887889454 12.381861497143094
1704080 256 8687.973 8789.062 10553.122 82.67590955548509 99.2698606517965 100.42491614557274 10.334488694435636 12.408732581474563 12.553114518196592

2215304 1 176.907 195.98 205.994 21.508432284435468 22.60744973976937 25.04484277049523 2.6885540355544335 2.825931217471171 3.1306053463119037
2215304 2 210.047 225.067 256.062 34.60574392139404 39.371458276868665 42.18682485348518 4.325717990174255 4.921432284608583 5.273353106685647
2215304 4 270.844 294.924 349.045 50.774060651205424 60.09152188360392 65.43409490333919 6.346757581400678 7.51144023545049 8.179261862917398
2215304 8 455.856 495.911 583.887 60.705006276899475 71.47424437046163 77.75451897090309 7.588125784612434 8.934280546307704 9.719314871362887
2215304 16 826.12 842.094 1049.995 67.51434816356269 84.18267794331749 85.81044884520409 8.439293520445336 10.522834742914686 10.726306105650512
2215304 32 1579.046 1579.046 1954.079 72.5556418138673 89.7880467066824 89.7880467066824 9.069455226733412 11.2235058383353 11.2235058383353
2215304 64 3058.91 3062.01 3829.002 74.05556643741633 92.60548201998033 92.69933146120678 9.256945804677041 11.575685252497541 11.587416432650848
2215304 128 6005.049 6016.97 7519.007 75.42456390850548 94.25305826686854 94.44016593370011 9.428070488563185 11.781632283358567 11.805020741712514

2879888 1 226.974 231.981 257.015 22.410271774020973 24.828654070807524 25.376369099544444 2.8012839717526217 3.1035817588509405 3.1720461374430555
2879888 2 280.857 280.857 334.024 34.48719852465691 41.01571974349936 41.01571974349936 4.310899815582114 5.12696496793742 5.12696496793742
2879888 4 352.144 360.966 456.81 50.43476281167225 63.82624402298278 65.42523513108274 6.304345351459031 7.978280502872847 8.178154391385343
2879888 8 591.993 598.907 735.998 62.606430995736396 76.93716720626072 77.83573116574013 7.8258038744670495 9.61714590078259 9.729466395717516
2879888 16 1065.969 1076.937 1317.024 69.97322448186215 85.57270852426838 86.45318578682871 8.746653060232768 10.696588565533547 10.806648223353589
2879888 32 2027.035 2038.002 2537.012 72.64957043955644 90.43800349558047 90.92730613926253 9.081196304944555 11.30475043694756 11.365913267407816
2879888 64 3922.939 3957.033 4854.202 75.93949819146381 93.15708612993626 93.96670812367974 9.492437273932977 11.644635766242033 11.745838515459967
2879888 128 7771.969 7784.843 9618.044 76.65293774908912 94.70342921495013 94.86030219626456 9.58161721863614 11.837928651868767 11.85753777453307

3743848 1 300.884 308.99 327.11 22.89045275289658 24.232810123304958 24.88565693091025 2.8613065941120723 3.0291012654131197 3.1107071163637814
3743848 2 371.933 375.986 438.213 34.17377394098304 39.82965323176927 40.26368189969699 4.27172174262288 4.978706653971159 5.032960237462124
3743848 4 458.002 462.055 571.012 52.452109587889574 64.82082003224724 65.39443932559247 6.556513698486197 8.102602504030905 8.174304915699059
3743848 8 776.052 777.96 952.005 62.92148465606798 76.99826212144583 77.18756990510946 7.865185582008498 9.62478276518073 9.648446238138682
3743848 16 1389.98 1392.126 1744.986 68.6556430825233 86.05768156043347 86.19054662657017 8.581955385315412 10.757210195054183 10.773818328321271
3743848 32 2638.817 2642.155 3262.043 73.45282450292655 90.68592569323147 90.80063983216722 9.181603062865818 11.335740711653933 11.350079979020903
3743848 64 5115.986 5123.854 6314.039 75.89635477386187 93.52579991545426 93.669635530668 9.487044346732734 11.690724989431782 11.7087044413335
3743848 128 10094.881 10155.916 12533.188 76.47097354639537 94.37111216752876 94.94169252713331 9.558871693299421 11.796389020941096 11.867711565891664

4867000 1 388.861 398.159 427.008 22.795825839328536 24.447519709462803 25.0320808720854 2.849478229916067 3.0559399636828504 3.129010109010675
4867000 2 494.003 504.971 599.861 32.45418521957586 38.55270896744565 39.40866755869903 4.056773152446983 4.819088620930707 4.926083444837379
4867000 4 602.007 602.961 746.012 52.19218993796347 64.57465739906893 64.67698880577801 6.524023742245434 8.071832174883616 8.084623600722251
4867000 8 1008.034 1017.094 1243.114 62.642686028795424 76.56322817753323 77.2513625532472 7.830335753599428 9.570403522191654 9.6564203191559
4867000 16 1818.18 1831.055 2294.064 67.88999783789816 85.0569753502762 85.65928565928566 8.48624972973727 10.632121918784526 10.707410707410707
4867000 32 3437.996 3466.129 4287.958 72.64250256182547 89.86624560136106 90.60161791927622 9.080312820228183 11.233280700170132 11.325202239909528
4867000 64 6692.886 6710.052 8345.842 74.64507475698676 92.84220152094201 93.08032439219792 9.330634344623345 11.605275190117752 11.63504054902474

6327096 1 493.05 494.003 536.919 23.568158325557487 25.615617718920735 25.66512929723152 2.946019790694686 3.201952214865092 3.20814116215394
6327096 2 648.975 659.943 763.893 33.13079711425553 38.34934835281229 38.997471397203284 4.141349639281941 4.7936685441015365 4.874683924650411
6327096 4 776.052 782.967 984.907 51.39243400645949 64.64738360620562 65.22342317267399 6.424054250807436 8.080922950775703 8.152927896584249
6327096 8 1303.911 1317.978 1612.902 62.76484002127842 76.80973127017295 77.6383786930243 7.845605002659802 9.601216408771618 9.704797336628037
6327096 16 2362.013 2391.1 2899.885 69.8190004086369 84.67528417882984 85.71801764003838 8.727375051079612 10.58441052235373 10.714752205004798
6327096 32 4465.818 4560.947 5511.045 73.47683497412922 88.78290933878425 90.6741259943867 9.184604371766152 11.097863667348031 11.334265749298337
6327096 64 8697.987 8714.914 10692.12 75.74440690901336 92.92900515139908 93.1098526590118 9.46805086362667 11.616125643924885 11.638731582376476

8225224 1 630.856 651.121 710.964 23.13822922117013 25.26480945937852 26.07639144273812 2.892278652646266 3.158101182422315 3.259548930342265
8225224 2 864.029 925.064 1073.122 30.65904529028386 35.56607542829469 38.07846264419366 3.8323806612854825 4.445759428536836 4.759807830524207
8225224 4 1015.902 1042.843 1331.091 49.43448043747573 63.098464486025215 64.77179097983861 6.179310054684466 7.887308060753152 8.096473872479827
8225224 8 1691.818 1704.931 2184.868 60.234112083659056 77.18997660315871 77.7882632765463 7.529264010457382 9.648747075394839 9.723532909568288
8225224 16 3059.864 3074.169 3930.092 66.97226629809174 85.61896499509298 86.01923745630523 8.371533287261467 10.702370624386623 10.752404682038154
8225224 32 5822.897 5856.991 7448.912 70.66996307648687 89.87794859169153 90.4041984599762 8.833745384560858 11.234743573961442 11.300524807497025
8225224 64 11431.932 11435.032 14667.988 71.77730660810467 92.07046136818856 92.09542813935562 8.972163326013083 11.50880767102357 11.511928517419452

10692784 1 828.981 847.101 911.951 23.450347661223027 25.245594090905335 25.797416346092373 2.9312934576528784 3.155699261363167 3.2246770432615466
10692784 2 1250.029 1250.982 1451.969 29.457334144186273 34.19004909742907 34.216114986132325 3.682166768023284 4.2737561371786335 4.277014373266541
10692784 4 1364.946 1367.092 1771.927 48.27640867823562 62.57243257951915 62.67081042033898 6.034551084779452 7.821554072439894 7.833851302542373
10692784 8 2236.128 2288.103 2896.07 59.07472678491887 74.7713472688948 76.50928032742311 7.384340848114859 9.34641840861185 9.56366004092789
10692784 16 4060.03 4098.892 5254.984 65.11325020209385 83.47843465990321 84.27747775262745 8.139156275261731 10.434804332487902 10.534684719078431
10692784 32 7542.849 7621.05 9783.983 69.94474295386654 89.79578614495378 90.72675006486277 8.743092869233317 11.224473268119223 11.340843758107846

13900616 1 1081.944 1088.142 1230.001 22.602609266171328 25.54926838592757 25.695629348653902 2.825326158271416 3.193658548240946 3.211953668581738
13900616 2 1551.151 1710.892 2167.94 25.64760279343524 32.499108067604496 35.84593891890602 3.205950349179405 4.062388508450562 4.480742364863253
13900616 4 1781.94 2032.995 3025.055 36.76129128230726 54.700049926340206 62.40666240165213 4.595161410288408 6.837506240792526 7.800832800206516
13900616 8 2971.888 3151.894 4692.078 47.401142095250755 70.56387556180506 74.83789967858816 5.925142761906344 8.820484445225633 9.35473745982352
13900616 16 5414.009 5545.855 8390.903 53.01213850285243 80.20759864799928 82.16087413227424 6.626517312856554 10.02594983099991 10.27010926653428
13900616 32 10242.939 10254.145 15744.925 56.503249396234025 86.75900565088556 86.85392190659341 7.062906174529253 10.844875706360694 10.856740238324177

18070800 1 1400.948 1416.922 1588.106 22.757674865531648 25.507120363717977 25.79795966731099 2.844709358191456 3.188390045464747 3.224744958413874
18070800 2 2413.988 2461.91 2779.007 26.01044185926844 29.36061838166302 29.943479420775915 3.251305232408555 3.6700772977078775 3.7429349275969894
18070800 4 2899.885 3042.936 3837.109 37.67586482427265 47.50885329168935 49.85245966650402 4.709483103034081 5.938606661461169 6.231557458313002
18070800 8 4577.875 4689.932 6263.018 46.165091653895935 61.64967850280132 63.158736313245775 5.770636456736992 7.706209812850165 7.894842039155722
18070800 16 7600.069 8014.917 11046.886 52.34648026602248 72.14866978659917 76.0868881585154 6.54331003325281 9.018583723324896 9.510861019814426
18070800 32 14562.845 14956.951 20669.937 55.95233309129099 77.3239947098844 79.41657004520752 6.9940416364113736 9.66549933873555 9.92707125565094

23492040 1 1798.868 1806.974 1963.139 23.933139731827445 26.001525201801464 26.118692422123246 2.9916424664784307 3.250190650225183 3.2648365527654057
23492040 2 2920.151 3003.12 3859.997 24.34410182184079 31.29017821465676 32.17921265030473 3.043012727730099 3.911272276832095 4.022401581288091
23492040 4 3628.016 3889.084 5511.999 34.095855242354 48.32405779870016 51.80140330141874 4.26198190529425 6.04050722483752 6.475175412677342
23492040 8 5969.048 6273.031 8826.971 42.58229011967978 59.918823930568806 62.97028269834654 5.322786264959973 7.489852991321101 7.871285337293317
23492040 16 11193.991 11492.968 15936.852 47.170249180954926 65.4091510565417 67.15614475659306 5.896281147619366 8.176143882067713 8.394518094574133
23492040 32 26833.057 26946.068 30805.111 48.8065295398546 55.79628760678552 56.03128111716827 6.100816192481825 6.97453595084819 7.003910139646034

30539648 1 2362.967 2376.08 2595.901 23.529131503859354 25.705908891956497 25.84856072894797 2.9411414379824192 3.213238611494562 3.231070091118496
30539648 2 4265.07 4601.955 5097.151 23.96605319324462 26.544934055200454 28.641638238059404 2.9957566491555774 3.3181167569000567 3.5802047797574255
30539648 4 5902.052 6013.87 7622.004 32.054192571927274 40.625617780231366 41.395295060090966 4.006774071490909 5.078202222528921 5.174411882511371
30539648 8 8923.054 8979.082 17970.085 27.191544614285352 54.41918984591074 54.7608888167661 3.398943076785669 6.802398730738843 6.845111102095762
30539648 16 16796.112 16796.112 22729.158 42.996257758426424 58.184223586982505 58.184223586982505 5.374532219803303 7.273027948372813 7.273027948372813
30539648 32 31939.983 32454.014 41942.835 46.600032448927216 60.22482987774641 61.19406738569648 5.825004056115902 7.528103734718301 7.64925842321206

39701536 1 3062.963 3105.164 3395.796 23.382756796933624 25.57129736142761 25.923614487017964 2.922844599616703 3.1964121701784514 3.2404518108772455
39701536 2 5905.151 6061.077 6723.881 23.61822643797533 26.200977813019037 26.892816796725437 2.9522783047469163 3.2751222266273796 3.3616020995906797
39701536 4 8344.173 8775.949 10089.159 31.48055135219893 36.19121852235012 38.06396248016431 3.935068919024866 4.523902315293765 4.757995310020538
39701536 8 13541.937 13586.998 16626.835 38.20478016411422 46.752386067915815 46.90795533903311 4.775597520514277 5.844048258489477 5.863494417379139
39701536 16 23910.999 24660.11 29612.064 42.90309354998018 51.51838949623502 53.132416257472144 5.362886693747522 6.439798687029377 6.641552032184018
39701536 32 45017.004 45703.173 55571.079 45.72339334998337 55.59566518499712 56.44307879751394 5.715424168747921 6.94945814812464 7.055384849689243

51611992 1 3952.026 4006.147 4385.948 23.535159103573502 25.766399485590522 26.119257312578412 2.9418948879466877 3.2207999356988153 3.2649071640723015
51611992 2 7687.092 7928.848 8882.046 23.243289665466715 26.037574184799606 26.856445584364025 2.9054112081833394 3.2546967730999508 3.357055698045503
51611992 4 11306.047 11409.998 13110.876 31.49262764745849 36.18720494078965 36.51992035766347 3.9365784559323114 4.523400617598706 4.564990044707934
51611992 8 18737.793 19257.069 21809.101 37.86455351827662 42.88253170822622 44.07092510841591 4.733069189784578 5.360316463528277 5.508865638551989
51611992 16 34006.119 34014.94 38846.016 42.516168041530946 48.554656983078615 48.56725179371395 5.314521005191368 6.069332122884827 6.070906474214244
51611992 32 68542.004 68721.056 78547.001 42.05338772895988 48.06630864345274 48.19187206723632 5.256673466119985 6.008288580431593 6.02398400840454

67095584 1 5196.81 5213.976 5707.979 23.509401138301314 25.736821189817523 25.821834548501865 2.9386751422876642 3.2171026487271903 3.227729318562733
67095584 2 10256.052 10266.066 11451.006 23.43744610735511 26.14266613910333 26.168191814940098 2.929680763419389 3.2678332673879162 3.2710239768675122
67095584 4 15133.142 15317.202 17123.938 31.345866353872577 35.04325868392935 35.46947963615223 3.918233294234072 4.380407335491169 4.433684954519029
67095584 8 25308.847 25542.974 28306.007 37.92584888430219 42.0283614586148 42.41715728891165 4.740731110537774 5.25354518232685 5.302144661113957
67095584 16 45257.092 45672.894 50719.976 42.33161876890478 47.009473233730276 47.44137533184854 5.291452346113098 5.8761841542162845 5.930171916481068
67095584 32 85608.959 85803.986 96063.852 44.70065780830858 50.045663100080226 50.15967284452086 5.587582226038572 6.255707887510028 6.269959105565108

87224256 1 6752.014 6788.969 7551.908 23.099925475787046 25.695876943907095 25.836515149405795 2.8874906844733808 3.211984617988387 3.2295643936757243
87224256 2 13254.881 13515.949 15129.089 23.061337268886447 25.81372747115278 26.322154382223424 2.882667158610806 3.2267159338940976 3.290269297777928
87224256 4 20045.996 20122.051 22499.8 31.013344474173103 34.678077696950474 34.80964717343054 3.876668059271638 4.334759712118809 4.351205896678818
87224256 8 33262.968 33685.923 37485.123 37.230452625165455 41.4294153673628 41.95621076267157 4.653806578145682 5.17867692092035 5.244526345333946
87224256 16 64442.158 64521.074 71890.831 38.825204176593815 43.25991523327712 43.31289141496472 4.853150522074227 5.40748940415964 5.41411142687059
87224256 32 111253.023 112878.084 126096.01 44.27065046705284 49.454705343864624 50.177084931885396 5.533831308381605 6.181838167983078 6.2721356164856745

113391528 1 8766.89 8796.93 9582.996 23.665151900303414 25.779795451367693 25.86813065978928 2.9581439875379267 3.2224744314209617 3.23351633247366
113391528 2 17554.045 17693.043 19124.031 23.717076802479564 25.635280036339704 25.838267590176514 2.9646346003099455 3.204410004542463 3.2297834487720642
113391528 4 26272.058 26513.815 28640.985 31.672521877302753 34.21356843592671 34.52840367511369 3.959065234662844 4.276696054490839 4.316050459389211
113391528 8 43601.036 43724.06 47996.998 37.79954004623373 41.49350375971491 41.610581179768296 4.724942505779216 5.186687969964364 5.201322647471037
113391528 16 78315.973 78402.042 86045.027 42.17011746652134 46.28105089405707 46.331913618694365 5.2712646833151675 5.785131361757133 5.791489202336796
113391528 32 152074.099 152354.956 168442.965 43.083175316938885 47.632567935630526 47.72053781492403 5.385396914617361 5.954070991953816 5.965067226865504

147408984 1 11455.059 11502.981 12762.07 23.101108832658024 25.62970137914685 25.736922699394214 2.887638604082253 3.2037126723933564 3.2171153374242767
147408984 2 22668.123 22908.926 25352.955 23.25708920321122 25.73826184605948 26.011678867279837 2.9071361504014024 3.217282730757435 3.2514598584099796
147408984 4 34127.951 34184.933 37893.057 31.121053970388292 34.49683145495707 34.554429359090435 3.8901317462985365 4.3121039318696335 4.319303669886304
147408984 8 56338.072 56817.055 63574.791 37.09872587705401 41.51119314438244 41.864118885715506 4.637340734631751 5.188899143047805 5.233014860714438
147408984 16 101587.057 102112.055 118050.098 39.95835300365443 46.19520670698479 46.433941756970086 4.994794125456804 5.774400838373099 5.804242719621261
147408984 32 197182.178 198013.067 212973.833 44.29734321399005 47.64420408679392 47.84496789562797 5.537167901748756 5.95552551084924 5.980620986953496

191631672 1 14964.104 15041.113 16349.077 23.442506509694706 25.4810494409556 25.6121812572273 2.9303133137118382 3.18513118011945 3.2015226571534123
191631672 2 29774.904 29805.899 32632.828 23.489434872147765 25.717281267040462 25.74405237377088 2.9361793590184706 3.214660158380058 3.21800654672136
191631672 4 44642.925 44835.806 48706.055 31.475621994021072 34.19261328769243 34.340343425078 3.934452749252634 4.274076660961554 4.29254292813475
191631672 8 73821.068 74325.085 85862.875 35.709341808086435 41.25265046114646 41.534304976460106 4.463667726010804 5.156581307643307 5.191788122057513
191631672 16 132709.98 133757.83 144918.203 42.314998233865765 45.845641365443804 46.207628876140284 5.289374779233221 5.7307051706804755 5.7759536095175354
191631672 32 255497.217 257110.119 275147.915 44.57394128536283 47.70106698134273 48.00219412174654 5.5717426606703535 5.962633372667841 6.000274265218318

249121168 1 19546.986 19812.822 21671.057 22.99114141040744 25.147469451852945 25.489471164505872 2.87389267630093 3.143433681481618 3.186183895563234
249121168 2 38612.127 38939.953 43169.022 23.083327484231635 25.590289541438327 25.807557092102176 2.8854159355289544 3.198786192679791 3.225944636512772
249121168 4 57619.095 58008.909 64108.849 31.087273833289384 34.356263173299816 34.58869570929568 3.885909229161173 4.294532896662477 4.32358696366196
249121168 8 101223.946 101850.033 105370.045 37.828005938499885 39.13536962722438 39.377428419951144 4.728500742312486 4.891921203403047 4.922178552493893
249121168 16 173758.03 175141.811 195296.049 40.81945035150199 45.516700612396896 45.879188294204305 5.102431293937749 5.689587576549612 5.734898536775538
249121168 32 330329.18 336143.97 357624.769 44.5823559609206 47.43132757074299 48.26626201173024 5.572794495115075 5.928915946342873 6.03328275146628

323857512 1 25208.95 25269.985 27817.011 23.284853430154666 25.631792974946364 25.693851747097757 2.910606678769333 3.2039741218682956 3.2117314683872196
323857512 2 50124.168 50300.121 60770.035 21.31692120960602 25.754014547996817 25.844419961245045 2.6646151512007523 3.219251818499602 3.2305524951556306
323857512 4 74783.802 75286.15 83251.953 31.1207125195009 34.41350229756735 34.64466938976973 3.8900890649376123 4.3016877871959185 4.330583673721216
323857512 8 125104.904 125442.982 136835.814 37.86815776168073 41.30737415027331 41.41900138462998 4.733519720210091 5.163421768784164 5.177375173078747
323857512 16 228958.13 229084.015 250272.036 41.408702904386814 45.238601148142095 45.26347408585142 5.176087863048352 5.654825143517762 5.657934260731428
323857512 32 428188.086 428279.877 472741.127 43.84403975920632 48.39564471995961 48.406019330486465 5.48050496990079 6.049455589994952 6.050752416310808

421014760 1 32448.053 32904.148 36111.832 23.317275069290307 25.590376021892435 25.950078422270824 2.9146593836612884 3.1987970027365544 3.243759802783853
421014760 2 65287.113 65341.949 72613.955 23.19194760841769 25.773015126928644 25.794662416762097 2.898993451052211 3.2216268908660806 3.224332802095262
421014760 4 97606.897 97719.908 106801.033 31.53638111346732 34.46706151217416 34.50696808853579 3.942047639183415 4.30838268902177 4.313371011066974
421014760 8 166876.078 167211.056 183359.861 36.73779050257897 40.28582990349633 40.366697496330175 4.592223812822371 5.035728737937041 5.045837187041272
421014760 16 291789.055 292197.943 321960.926 41.845053955398306 46.10734826425523 46.171959123004115 5.230631744424788 5.763418533031904 5.771494890375514
421014760 32 559296.131 559634.924 614483.118 43.84977202905027 48.147360867707384 48.17652607720255 5.481221503631284 6.018420108463423 6.022065759650319

META_DATA
FLOPS          2
ERT_VERSION  1.1.0
HOSTNAME  ('dev-amd24.i', ['dev-amd24'], ['192.168.17.192'])
UNAME  uname_result(system='Linux', node='dev-amd24', release='5.15.0-126-generic', version='#136-Ubuntu SMP Wed Nov 6 10:38:22 UTC 2024', machine='x86_64')
TIMESTAMP_DATA  1759347975.6527498
CONFIG  {'ERT_RESULTS': ['Results.EPYC9654.01'], 'ERT_DRIVER': ['driver1'], 'ERT_KERNEL': ['kernel1'], 'ERT_HIP': ['False'], 'ERT_GPU': ['False'], 'ERT_GPU_CFLAGS': ['-O3', '-gencode', 'arch=compute_70,code=sm_70'], 'ERT_GPU_LDFLAGS': [], 'ERT_FLOPS': ['1,2,4'], 'ERT_ALIGN': ['64'], 'ERT_CC': ['g++'], 'ERT_CFLAGS': ['-O3', '-march=native', '-fopenmp'], 'ERT_LD': ['g++'], 'ERT_LDFLAGS': ['-fopenmp'], 'ERT_LDLIBS': [], 'ERT_RUN': ['srun', '-n', '1', './ERT_CODE'], 'ERT_PRECISION': ['FP64'], 'ERT_BLOCKS_THREADS': ['16384'], 'ERT_GPU_BLOCKS': ['8192,4096,2048,1024'], 'ERT_GPU_THREADS': ['32,64,128,256'], 'ERT_NUM_EXPERIMENTS': ['3'], 'ERT_WSS_MULT': ['1.3'], 'ERT_MEMORY_MAX': ['536870912'], 'ERT_WORKING_SET_MIN': ['512'], 'ERT_TRIALS_MIN': ['32'], 'ERT_GNUPLOT': ['gnuplot'], 'ERT_MPI': [False], 'ERT_OPENMP': [False], 'ERT_OCL': [False], 'ERT_SYCL': [False]}
TIMESTAMP_DATA  1759347999.0182586
TIMESTAMP_DATA  1759348014.7681491
