srun: job 62475602 queued and waiting for resources
srun: job 62475602 has been allocated resources
fp64
        4096            1           0.954         8192         1024
        4096            2           0.954        16384         2048
        4096            4           0.954        32768         4096
        4096            8           0.954        65536         8192
        4096           16           1.192       131072        16384
        4096           32           0.954       262144        32768
        4096           64          12.159       524288        65536
        4096          128           4.053      1048576       131072
        4096          256           7.868      2097152       262144
        4096          512          14.782      4194304       524288
        4096         1024          29.802      8388608      1048576
        4096         2048          59.843     16777216      2097152
        4096         4096         121.117     33554432      4194304
        4096         8192         200.987     67108864      8388608
        4096        16384         401.020    134217728     16777216
        4096        32768         803.947    268435456     33554432
        4096        65536        1625.061    536870912     67108864
        4096       131072        3221.989   1073741824    134217728
        5320            1           0.000        10640         1330
        5320            2           0.954        21280         2660
        5320            4           0.000        42560         5320
        5320            8           1.192        85120        10640
        5320           16           0.954       170240        21280
        5320           32           0.954       340480        42560
        5320           64           3.099       680960        85120
        5320          128           5.960      1361920       170240
        5320          256          18.120      2723840       340480
        5320          512          16.928      5447680       680960
        5320         1024          33.140     10895360      1361920
        5320         2048          66.042     21790720      2723840
        5320         4096         132.084     43581440      5447680
        5320         8192         262.976     87162880     10895360
        5320        16384         525.951    174325760     21790720
        5320        32768        1060.009    348651520     43581440
        5320        65536        2102.852    697303040     87162880
        6912            1           0.954        13824         1728
        6912            2           0.000        27648         3456
        6912            4           0.000        55296         6912
        6912            8           0.000       110592        13824
        6912           16           0.954       221184        27648
        6912           32           1.907       442368        55296
        6912           64           4.053       884736       110592
        6912          128          15.974      1769472       221184
        6912          256          10.014      3538944       442368
        6912          512          20.027      7077888       884736
        6912         1024          41.008     14155776      1769472
        6912         2048          82.016     28311552      3538944
        6912         4096         163.078     56623104      7077888
        6912         8192         328.064    113246208     14155776
        6912        16384         654.936    226492416     28311552
        6912        32768        1308.918    452984832     56623104
        6912        65536        2627.850    905969664    113246208
        8984            1           0.954        17968         2246
        8984            2           0.954        35936         4492
        8984            4           0.954        71872         8984
        8984            8           0.954       143744        17968
        8984           16           1.907       287488        35936
        8984           32           3.099       574976        71872
        8984           64           5.960      1149952       143744
        8984          128          18.120      2299904       287488
        8984          256          13.828      4599808       574976
        8984          512          28.133      9199616      1149952
        8984         1024          55.075     18399232      2299904
        8984         2048         111.103     36798464      4599808
        8984         4096         221.968     73596928      9199616
        8984         8192         442.028    147193856     18399232
        8984        16384         885.010    294387712     36798464
        8984        32768        1775.980    588775424     73596928
       11672            1           1.907        23344         2918
       11672            2           0.000        46688         5836
       11672            4           0.000        93376        11672
       11672            8           1.192       186752        23344
       11672           16           1.907       373504        46688
       11672           32           3.099       747008        93376
       11672           64          15.974      1494016       186752
       11672          128           9.060      2988032       373504
       11672          256          16.928      5976064       747008
       11672          512          34.809     11952128      1494016
       11672         1024          77.963     23904256      2988032
       11672         2048         138.998     47808512      5976064
       11672         4096         277.042     95617024     11952128
       11672         8192         555.038    191234048     23904256
       11672        16384        1110.077    382468096     47808512
       11672        32768        2222.061    764936192     95617024
       15168            1           2.146        30336         3792
       15168            2           0.000        60672         7584
       15168            4           0.954       121344        15168
       15168            8           0.954       242688        30336
       15168           16           3.099       485376        60672
       15168           32           5.007       970752       121344
       15168           64          16.928      1941504       242688
       15168          128          10.967      3883008       485376
       15168          256          23.127      7766016       970752
       15168          512          45.061     15532032      1941504
       15168         1024          91.076     31064064      3883008
       15168         2048         180.960     62128128      7766016
       15168         4096         363.111    124256256     15532032
       15168         8192         732.899    248512512     31064064
       15168        16384        1447.916    497025024     62128128
       15168        32768        2903.938    994050048    124256256
       19712            1           1.907        39424         4928
       19712            2           0.000        78848         9856
       19712            4           0.954       157696        19712
       19712            8           2.146       315392        39424
       19712           16           2.861       630784        78848
       19712           32           5.960      1261568       157696
       19712           64          18.120      2523136       315392
       19712          128          15.020      5046272       630784
       19712          256          29.087     10092544      1261568
       19712          512          59.128     20185088      2523136
       19712         1024         169.992     40370176      5046272
       19712         2048         241.995     80740352     10092544
       19712         4096         472.069    161480704     20185088
       19712         8192         943.184    322961408     40370176
       19712        16384        1888.990    645922816     80740352
       25624            1           1.907        51248         6406
       25624            2           0.954       102496        12812
       25624            4           0.954       204992        25624
       25624            8           2.146       409984        51248
       25624           16           4.053       819968       102496
       25624           32          16.928      1639936       204992
       25624           64          10.014      3279872       409984
       25624          128          20.027      6559744       819968
       25624          256          38.862     13119488      1639936
       25624          512          77.963     26238976      3279872
       25624         1024         156.879     52477952      6559744
       25624         2048         310.898    104955904     13119488
       25624         4096         623.941    209911808     26238976
       25624         8192        1252.174    419823616     52477952
       25624        16384        2491.951    839647232    104955904
       33304            1           2.861        66608         8326
       33304            2           0.954       133216        16652
       33304            4           0.954       266432        33304
       33304            8           2.861       532864        66608
       33304           16           5.960      1065728       133216
       33304           32          17.166      2131456       266432
       33304           64          14.067      4262912       532864
       33304          128          26.941      8525824      1065728
       33304          256          54.121     17051648      2131456
       33304          512         105.858     34103296      4262912
       33304         1024         211.954     68206592      8525824
       33304         2048         423.908    136413184     17051648
       33304         4096         860.929    272826368     34103296
       33304         8192        1735.926    545652736     68206592
       43288            1           3.099        86576        10822
       43288            2           2.146       173152        21644
       43288            4           2.861       346304        43288
       43288            8           5.007       692608        86576
       43288           16          18.120      1385216       173152
       43288           32          14.067      2770432       346304
       43288           64          26.941      5540864       692608
       43288          128          54.121     11081728      1385216
       43288          256         106.096     22163456      2770432
       43288          512         211.954     44326912      5540864
       43288         1024         422.955     88653824     11081728
       43288         2048         845.909    177307648     22163456
       43288         4096        1662.016    354615296     44326912
       43288         8192        3221.035    709230592     88653824
       56272            1           3.815       112544        14068
       56272            2           1.907       225088        28136
       56272            4           2.861       450176        56272
       56272            8          15.020       900352       112544
       56272           16          10.014      1800704       225088
       56272           32          18.120      3601408       450176
       56272           64          35.048      7202816       900352
       56272          128          67.949     14405632      1800704
       56272          256         135.899     28811264      3601408
       56272          512         270.128     57622528      7202816
       56272         1024         539.064    115245056     14405632
       56272         2048        1056.910    230490112     28811264
       56272         4096        2089.977    460980224     57622528
       56272         8192        4193.783    921960448    115245056
       73152            1           5.960       146304        18288
       73152            2           2.861       292608        36576
       73152            4           4.053       585216        73152
       73152            8          17.166      1170432       146304
       73152           16          11.921      2340864       292608
       73152           32          23.127      4681728       585216
       73152           64          45.061      9363456      1170432
       73152          128          87.976     18726912      2340864
       73152          256         174.999     37453824      4681728
       73152          512         339.985     74907648      9363456
       73152         1024         679.016    149815296     18726912
       73152         2048        1363.993    299630592     37453824
       73152         4096        2712.965    599261184     74907648
       95096            1           8.106       190192        23774
       95096            2           3.099       380384        47548
       95096            4          15.020       760768        95096
       95096            8           7.868      1521536       190192
       95096           16          15.974      3043072       380384
       95096           32          29.087      6086144       760768
       95096           64          57.936     12172288      1521536
       95096          128         113.010     24344576      3043072
       95096          256         224.113     48689152      6086144
       95096          512         447.989     97378304     12172288
       95096         1024         898.123    194756608     24344576
       95096         2048        1769.066    389513216     48689152
       95096         4096        3541.946    779026432     97378304
      123624            1          10.014       247248        30906
      123624            2           3.815       494496        61812
      123624            4          16.928       988992       123624
      123624            8          10.967      1977984       247248
      123624           16          20.027      3955968       494496
      123624           32          38.862      7911936       988992
      123624           64          75.102     15823872      1977984
      123624          128         147.104     31647744      3955968
      123624          256         293.016     63295488      7911936
      123624          512         583.887    126590976     15823872
      123624         1024        1164.913    253181952     31647744
      123624         2048        2315.998    506363904     63295488
      123624         4096        4597.187   1012727808    126590976
      160704            1          13.113       321408        40176
      160704            2          15.020       642816        80352
      160704            4           9.060      1285632       160704
      160704            8          15.020      2571264       321408
      160704           16          26.941      5142528       642816
      160704           32          50.068     10285056      1285632
      160704           64          97.036     20570112      2571264
      160704          128         190.973     41140224      5142528
      160704          256         377.893     82280448     10285056
      160704          512         754.118    164560896     20570112
      160704         1024        1517.057    329121792     41140224
      160704         2048        2985.001    658243584     82280448
      208912            1          15.974       417824        52228
      208912            2           6.914       835648       104456
      208912            4          11.921      1671296       208912
      208912            8          19.073      3342592       417824
      208912           16          34.094      6685184       835648
      208912           32          64.850     13370368      1671296
      208912           64         125.885     26740736      3342592
      208912          128         247.955     53481472      6685184
      208912          256         491.858    106962944     13370368
      208912          512         980.139    213925888     26740736
      208912         1024        1949.072    427851776     53481472
      208912         2048        3884.077    855703552    106962944
      271584            1          30.994       543168        67896
      271584            2          10.014      1086336       135792
      271584            4          15.974      2172672       271584
      271584            8          25.034      4345344       543168
      271584           16          44.823      8690688      1086336
      271584           32          84.877     17381376      2172672
      271584           64         162.840     34762752      4345344
      271584          128         320.911     69525504      8690688
      271584          256         636.101    139051008     17381376
      271584          512        1267.910    278102016     34762752
      271584         1024        2531.052    556204032     69525504
      353056            1          37.193       706112        88264
      353056            2          14.067      1412224       176528
      353056            4          20.027      2824448       353056
      353056            8          31.948      5648896       706112
      353056           16          58.174     11297792      1412224
      353056           32         109.911     22595584      2824448
      353056           64         212.193     45191168      5648896
      353056          128         418.901     90382336     11297792
      353056          256         830.173    180764672     22595584
      353056          512        1661.062    361529344     45191168
      353056         1024        3283.978    723058688     90382336
      458968            1          43.869       917936       114742
      458968            2          17.881      1835872       229484
      458968            4          26.226      3671744       458968
      458968            8          41.962      7343488       917936
      458968           16          75.102     14686976      1835872
      458968           32         141.859     29373952      3671744
      458968           64         274.897     58747904      7343488
      458968          128         543.118    117495808     14686976
      458968          256        1081.944    234991616     29373952
      458968          512        2139.091    469983232     58747904
      458968         1024        4318.953    939966464    117495808
      596656            1          54.836      1193312       149164
      596656            2          22.888      2386624       298328
      596656            4          34.094      4773248       596656
      596656            8          56.028      9546496      1193312
      596656           16          97.990     19092992      2386624
      596656           32         187.159     38185984      4773248
      596656           64         360.966     76371968      9546496
      596656          128         710.964    152743936     19092992
      596656          256        1416.206    305487872     38185984
      596656          512        2799.034    610975744     76371968
      775648            1          66.996      1551296       193912
      775648            2          35.048      3102592       387824
      775648            4          46.968      6205184       775648
      775648            8          78.201     12410368      1551296
      775648           16         139.952     24820736      3102592
      775648           32         262.976     49641472      6205184
      775648           64         512.123     99282944     12410368
      775648          128        1116.991    198565888     24820736
      775648          256        2121.210    397131776     49641472
      775648          512        3980.875    794263552     99282944
     1008336            1          87.976      2016672       252084
     1008336            2          56.982      4033344       504168
     1008336            4          72.956      8066688      1008336
     1008336            8         120.163     16133376      2016672
     1008336           16         216.961     32266752      4033344
     1008336           32         473.022     64533504      8066688
     1008336           64         894.070    129067008     16133376
     1008336          128        1571.178    258134016     32266752
     1008336          256        3087.997    516268032     64533504
     1008336          512        6168.127   1032536064    129067008
     1310832            1         110.149      2621664       327708
     1310832            2          97.990      5243328       655416
     1310832            4         123.978     10486656      1310832
     1310832            8         206.947     20973312      2621664
     1310832           16         394.106     41946624      5243328
     1310832           32         709.057     83893248     10486656
     1310832           64        1447.916    167786496     20973312
     1310832          128        2778.053    335572992     41946624
     1310832          256        5361.795    671145984     83893248
     1704080            1         138.044      3408160       426020
     1704080            2         152.826      6816320       852040
     1704080            4         200.987     13632640      1704080
     1704080            8         345.945     27265280      3408160
     1704080           16         607.967     54530560      6816320
     1704080           32        1151.800    109061120     13632640
     1704080           64        2248.049    218122240     27265280
     1704080          128        4430.056    436244480     54530560
     1704080          256        8789.062    872488960    109061120
     2215304            1         205.994      4430608       553826
     2215304            2         225.067      8861216      1107652
     2215304            4         294.924     17722432      2215304
     2215304            8         495.911     35444864      4430608
     2215304           16         842.094     70889728      8861216
     2215304           32        1579.046    141779456     17722432
     2215304           64        3058.910    283558912     35444864
     2215304          128        6016.970    567117824     70889728
     2879888            1         231.981      5759776       719972
     2879888            2         280.857     11519552      1439944
     2879888            4         360.966     23039104      2879888
     2879888            8         598.907     46078208      5759776
     2879888           16        1076.937     92156416     11519552
     2879888           32        2038.002    184312832     23039104
     2879888           64        3957.033    368625664     46078208
     2879888          128        7784.843    737251328     92156416
     3743848            1         300.884      7487696       935962
     3743848            2         375.986     14975392      1871924
     3743848            4         458.002     29950784      3743848
     3743848            8         777.960     59901568      7487696
     3743848           16        1389.980    119803136     14975392
     3743848           32        2638.817    239606272     29950784
     3743848           64        5123.854    479212544     59901568
     3743848          128       10094.881    958425088    119803136
     4867000            1         388.861      9734000      1216750
     4867000            2         494.003     19468000      2433500
     4867000            4         602.007     38936000      4867000
     4867000            8        1017.094     77872000      9734000
     4867000           16        1818.180    155744000     19468000
     4867000           32        3466.129    311488000     38936000
     4867000           64        6710.052    622976000     77872000
     6327096            1         494.003     12654192      1581774
     6327096            2         659.943     25308384      3163548
     6327096            4         782.967     50616768      6327096
     6327096            8        1317.978    101233536     12654192
     6327096           16        2391.100    202467072     25308384
     6327096           32        4465.818    404934144     50616768
     6327096           64        8714.914    809868288    101233536
     8225224            1         630.856     16450448      2056306
     8225224            2         864.029     32900896      4112612
     8225224            4        1015.902     65801792      8225224
     8225224            8        1704.931    131603584     16450448
     8225224           16        3074.169    263207168     32900896
     8225224           32        5856.991    526414336     65801792
     8225224           64       11435.032   1052828672    131603584
    10692784            1         847.101     21385568      2673196
    10692784            2        1250.029     42771136      5346392
    10692784            4        1364.946     85542272     10692784
    10692784            8        2288.103    171084544     21385568
    10692784           16        4098.892    342169088     42771136
    10692784           32        7542.849    684338176     85542272
    13900616            1        1081.944     27801232      3475154
    13900616            2        1551.151     55602464      6950308
    13900616            4        1781.940    111204928     13900616
    13900616            8        2971.888    222409856     27801232
    13900616           16        5414.009    444819712     55602464
    13900616           32       10242.939    889639424    111204928
    18070800            1        1400.948     36141600      4517700
    18070800            2        2413.988     72283200      9035400
    18070800            4        3042.936    144566400     18070800
    18070800            8        4689.932    289132800     36141600
    18070800           16        8014.917    578265600     72283200
    18070800           32       14956.951   1156531200    144566400
    23492040            1        1798.868     46984080      5873010
    23492040            2        3003.120     93968160     11746020
    23492040            4        3889.084    187936320     23492040
    23492040            8        6273.031    375872640     46984080
    23492040           16       11193.991    751745280     93968160
    23492040           32       26946.068   1503490560    187936320
    30539648            1        2362.967     61079296      7634912
    30539648            2        4265.070    122158592     15269824
    30539648            4        5902.052    244317184     30539648
    30539648            8        8923.054    488634368     61079296
    30539648           16       16796.112    977268736    122158592
    30539648           32       32454.014   1954537472    244317184
    39701536            1        3105.164     79403072      9925384
    39701536            2        6061.077    158806144     19850768
    39701536            4        8775.949    317612288     39701536
    39701536            8       13541.937    635224576     79403072
    39701536           16       23910.999   1270449152    158806144
    39701536           32       45017.004   2540898304    317612288
    51611992            1        3952.026    103223984     12902998
    51611992            2        7687.092    206447968     25805996
    51611992            4       11409.998    412895936     51611992
    51611992            8       19257.069    825791872    103223984
    51611992           16       34014.940   1651583744    206447968
    51611992           32       68721.056   3303167488    412895936
    67095584            1        5196.810    134191168     16773896
    67095584            2       10266.066    268382336     33547792
    67095584            4       15133.142    536764672     67095584
    67095584            8       25308.847   1073529344    134191168
    67095584           16       45672.894   2147058688    268382336
    67095584           32       85608.959   4294117376    536764672
    87224256            1        6752.014    174448512     21806064
    87224256            2       13254.881    348897024     43612128
    87224256            4       20045.996    697794048     87224256
    87224256            8       33685.923   1395588096    174448512
    87224256           16       64442.158   2791176192    348897024
    87224256           32      111253.023   5582352384    697794048
   113391528            1        8796.930    226783056     28347882
   113391528            2       17554.045    453566112     56695764
   113391528            4       26272.058    907132224    113391528
   113391528            8       43601.036   1814264448    226783056
   113391528           16       78315.973   3628528896    453566112
   113391528           32      152354.956   7257057792    907132224
   147408984            1       11455.059    294817968     36852246
   147408984            2       22668.123    589635936     73704492
   147408984            4       34127.951   1179271872    147408984
   147408984            8       56338.072   2358543744    294817968
   147408984           16      102112.055   4717087488    589635936
   147408984           32      197182.178   9434174976   1179271872
   191631672            1       14964.104    383263344     47907918
   191631672            2       29805.899    766526688     95815836
   191631672            4       44642.925   1533053376    191631672
   191631672            8       74325.085   3066106752    383263344
   191631672           16      132709.980   6132213504    766526688
   191631672           32      255497.217  12264427008   1533053376
   249121168            1       19812.822    498242336     62280292
   249121168            2       38612.127    996484672    124560584
   249121168            4       57619.095   1992969344    249121168
   249121168            8      101850.033   3985938688    498242336
   249121168           16      175141.811   7971877376    996484672
   249121168           32      336143.970  15943754752   1992969344
   323857512            1       25269.985    647715024     80964378
   323857512            2       50124.168   1295430048    161928756
   323857512            4       74783.802   2590860096    323857512
   323857512            8      125442.982   5181720192    647715024
   323857512           16      228958.130  10363440384   1295430048
   323857512           32      428188.086  20726880768   2590860096
   421014760            1       32448.053    842029520    105253690
   421014760            2       65341.949   1684059040    210507380
   421014760            4       97606.897   3368118080    421014760
   421014760            8      167211.056   6736236160    842029520
   421014760           16      292197.943  13472472320   1684059040
   421014760           32      559296.131  26944944640   3368118080

META_DATA
FLOPS          2
ERT_VERSION  1.1.0
HOSTNAME  ('dev-amd24.i', ['dev-amd24'], ['192.168.17.192'])
UNAME  uname_result(system='Linux', node='dev-amd24', release='5.15.0-126-generic', version='#136-Ubuntu SMP Wed Nov 6 10:38:22 UTC 2024', machine='x86_64')
TIMESTAMP_DATA  1759347999.0182586
CONFIG  {'ERT_RESULTS': ['Results.EPYC9654.01'], 'ERT_DRIVER': ['driver1'], 'ERT_KERNEL': ['kernel1'], 'ERT_HIP': ['False'], 'ERT_GPU': ['False'], 'ERT_GPU_CFLAGS': ['-O3', '-gencode', 'arch=compute_70,code=sm_70'], 'ERT_GPU_LDFLAGS': [], 'ERT_FLOPS': ['1,2,4'], 'ERT_ALIGN': ['64'], 'ERT_CC': ['g++'], 'ERT_CFLAGS': ['-O3', '-march=native', '-fopenmp'], 'ERT_LD': ['g++'], 'ERT_LDFLAGS': ['-fopenmp'], 'ERT_LDLIBS': [], 'ERT_RUN': ['srun', '-n', '1', './ERT_CODE'], 'ERT_PRECISION': ['FP64'], 'ERT_BLOCKS_THREADS': ['16384'], 'ERT_GPU_BLOCKS': ['8192,4096,2048,1024'], 'ERT_GPU_THREADS': ['32,64,128,256'], 'ERT_NUM_EXPERIMENTS': ['3'], 'ERT_WSS_MULT': ['1.3'], 'ERT_MEMORY_MAX': ['536870912'], 'ERT_WORKING_SET_MIN': ['512'], 'ERT_TRIALS_MIN': ['32'], 'ERT_GNUPLOT': ['gnuplot'], 'ERT_MPI': [False], 'ERT_OPENMP': [False], 'ERT_OCL': [False], 'ERT_SYCL': [False]}
