srun: job 62475603 queued and waiting for resources
srun: job 62475603 has been allocated resources
fp64
        4096            1           0.954         8192         1024
        4096            2           0.000        16384         2048
        4096            4           0.000        32768         4096
        4096            8           0.000        65536         8192
        4096           16           0.000       131072        16384
        4096           32           0.954       262144        32768
        4096           64           2.861       524288        65536
        4096          128           5.007      1048576       131072
        4096          256           8.106      2097152       262144
        4096          512          16.928      4194304       524288
        4096         1024          33.855      8388608      1048576
        4096         2048          67.949     16777216      2097152
        4096         4096         136.137     33554432      4194304
        4096         8192         272.036     67108864      8388608
        4096        16384         543.118    134217728     16777216
        4096        32768        1090.050    268435456     33554432
        4096        65536        2161.980    536870912     67108864
        4096       131072        4332.066   1073741824    134217728
        5320            1           0.954        10640         1330
        5320            2           0.000        21280         2660
        5320            4           0.000        42560         5320
        5320            8           0.954        85120        10640
        5320           16           0.954       170240        21280
        5320           32           1.907       340480        42560
        5320           64           4.053       680960        85120
        5320          128          15.974      1361920       170240
        5320          256          10.967      2723840       340480
        5320          512          21.935      5447680       680960
        5320         1024          43.869     10895360      1361920
        5320         2048          87.976     21790720      2723840
        5320         4096         176.907     43581440      5447680
        5320         8192         354.052     87162880     10895360
        5320        16384         722.170    174325760     21790720
        5320        32768        1412.868    348651520     43581440
        5320        65536        2835.035    697303040     87162880
        6912            1           1.192        13824         1728
        6912            2           0.954        27648         3456
        6912            4           0.000        55296         6912
        6912            8           0.000       110592        13824
        6912           16           0.954       221184        27648
        6912           32           2.146       442368        55296
        6912           64           5.007       884736       110592
        6912          128          19.073      1769472       221184
        6912          256          14.067      3538944       442368
        6912          512          27.895      7077888       884736
        6912         1024          55.075     14155776      1769472
        6912         2048         111.103     28311552      3538944
        6912         4096         221.014     56623104      7077888
        6912         8192         441.074    113246208     14155776
        6912        16384         881.910    226492416     28311552
        6912        32768        1778.841    452984832     56623104
        6912        65536        3535.032    905969664    113246208
        8984            1           0.954        17968         2246
        8984            2           0.000        35936         4492
        8984            4           0.000        71872         8984
        8984            8           0.954       143744        17968
        8984           16           2.146       287488        35936
        8984           32           4.053       574976        71872
        8984           64           6.914      1149952       143744
        8984          128          22.888      2299904       287488
        8984          256          18.835      4599808       574976
        8984          512          38.147      9199616      1149952
        8984         1024          74.863     18399232      2299904
        8984         2048         149.012     36798464      4599808
        8984         4096         298.023     73596928      9199616
        8984         8192         597.000    147193856     18399232
        8984        16384        1193.047    294387712     36798464
        8984        32768        2393.961    588775424     73596928
       11672            1           0.954        23344         2918
       11672            2           0.000        46688         5836
       11672            4           0.000        93376        11672
       11672            8           1.192       186752        23344
       11672           16           1.907       373504        46688
       11672           32           5.007       747008        93376
       11672           64          16.928      1494016       186752
       11672          128          11.921      2988032       373504
       11672          256          24.080      5976064       747008
       11672          512          46.968     11952128      1494016
       11672         1024          94.175     23904256      2988032
       11672         2048         186.920     47808512      5976064
       11672         4096         374.079     95617024     11952128
       11672         8192         748.158    191234048     23904256
       11672        16384        1497.984    382468096     47808512
       11672        32768        3000.975    764936192     95617024
       15168            1           0.954        30336         3792
       15168            2           0.954        60672         7584
       15168            4           0.954       121344        15168
       15168            8           0.954       242688        30336
       15168           16           1.907       485376        60672
       15168           32           5.007       970752       121344
       15168           64          18.120      1941504       242688
       15168          128          15.974      3883008       485376
       15168          256          30.994      7766016       970752
       15168          512          61.035     15532032      1941504
       15168         1024         121.832     31064064      3883008
       15168         2048         247.002     62128128      7766016
       15168         4096         489.950    124256256     15532032
       15168         8192         996.113    248512512     31064064
       15168        16384        1954.079    497025024     62128128
       15168        32768        3917.933    994050048    124256256
       19712            1           2.146        39424         4928
       19712            2           0.954        78848         9856
       19712            4           0.954       157696        19712
       19712            8           2.146       315392        39424
       19712           16           4.053       630784        78848
       19712           32          16.928      1261568       157696
       19712           64          10.967      2523136       315392
       19712          128          21.219      5046272       630784
       19712          256          41.962     10092544      1261568
       19712          512          83.923     20185088      2523136
       19712         1024         174.999     40370176      5046272
       19712         2048         319.004     80740352     10092544
       19712         4096         670.910    161480704     20185088
       19712         8192        1342.773    322961408     40370176
       19712        16384        2724.886    645922816     80740352
       25624            1           3.099        51248         6406
       25624            2           0.954       102496        12812
       25624            4           0.954       204992        25624
       25624            8           3.099       409984        51248
       25624           16           4.768       819968       102496
       25624           32          20.027      1639936       204992
       25624           64          13.828      3279872       409984
       25624          128          27.895      6559744       819968
       25624          256          56.028     13119488      1639936
       25624          512         110.149     26238976      3279872
       25624         1024         220.060     52477952      6559744
       25624         2048         447.989    104955904     13119488
       25624         4096         843.048    209911808     26238976
       25624         8192        1682.997    419823616     52477952
       25624        16384        3383.875    839647232    104955904
       33304            1           3.099        66608         8326
       33304            2           2.146       133216        16652
       33304            4           1.907       266432        33304
       33304            8           3.099       532864        66608
       33304           16           6.914      1065728       133216
       33304           32          20.027      2131456       266432
       33304           64          18.120      4262912       532864
       33304          128          36.001      8525824      1065728
       33304          256          72.002     17051648      2131456
       33304          512         143.051     34103296      4262912
       33304         1024         286.102     68206592      8525824
       33304         2048         571.966    136413184     17051648
       33304         4096        1156.092    272826368     34103296
       33304         8192        2285.004    545652736     68206592
       43288            1           3.815        86576        10822
       43288            2           1.907       173152        21644
       43288            4           2.861       346304        43288
       43288            8           5.960       692608        86576
       43288           16          10.967      1385216       173152
       43288           32          27.895      2770432       346304
       43288           64          36.001      5540864       692608
       43288          128          72.956     11081728      1385216
       43288          256         144.005     22163456      2770432
       43288          512         286.102     44326912      5540864
       43288         1024         569.105     88653824     11081728
       43288         2048        1086.950    177307648     22163456
       43288         4096        2177.000    354615296     44326912
       43288         8192        4386.187    709230592     88653824
       56272            1           5.960       112544        14068
       56272            2           2.861       225088        28136
       56272            4           4.053       450176        56272
       56272            8           7.153       900352       112544
       56272           16          22.888      1800704       225088
       56272           32          25.034      3601408       450176
       56272           64          46.968      7202816       900352
       56272          128          92.983     14405632      1800704
       56272          256         182.867     28811264      3601408
       56272          512         366.926     57622528      7202816
       56272         1024         705.004    115245056     14405632
       56272         2048        1415.014    230490112     28811264
       56272         4096        2854.109    460980224     57622528
       56272         8192        5749.941    921960448    115245056
       73152            1           6.914       146304        18288
       73152            2           2.861       292608        36576
       73152            4           5.007       585216        73152
       73152            8          18.835      1170432       146304
       73152           16          17.166      2340864       292608
       73152           32          30.994      4681728       585216
       73152           64          61.035      9363456      1170432
       73152          128         118.017     18726912      2340864
       73152          256         236.034     37453824      4681728
       73152          512         459.909     74907648      9363456
       73152         1024         925.064    149815296     18726912
       73152         2048        1840.830    299630592     37453824
       73152         4096        3702.879    599261184     74907648
       95096            1           9.060       190192        23774
       95096            2           4.053       380384        47548
       95096            4          16.928       760768        95096
       95096            8          13.113      1521536       190192
       95096           16          21.935      3043072       380384
       95096           32          41.962      6086144       760768
       95096           64          81.062     12172288      1521536
       95096          128         159.979     24344576      3043072
       95096          256         328.064     48689152      6086144
       95096          512         602.961     97378304     12172288
       95096         1024        1211.882    194756608     24344576
       95096         2048        2470.970    389513216     48689152
       95096         4096        4774.094    779026432     97378304
      123624            1          10.014       247248        30906
      123624            2           5.007       494496        61812
      123624            4          18.835       988992       123624
      123624            8          15.974      1977984       247248
      123624           16          27.895      3955968       494496
      123624           32          51.975      7911936       988992
      123624           64         101.089     15823872      1977984
      123624          128         197.887     31647744      3955968
      123624          256         392.914     63295488      7911936
      123624          512         785.112    126590976     15823872
      123624         1024        1580.954    253181952     31647744
      123624         2048        3098.011    506363904     63295488
      123624         4096        6247.044   1012727808    126590976
      160704            1          13.113       321408        40176
      160704            2           8.106       642816        80352
      160704            4          11.921      1285632       160704
      160704            8          19.789      2571264       321408
      160704           16          36.001      5142528       642816
      160704           32          66.996     10285056      1285632
      160704           64         131.130     20570112      2571264
      160704          128         257.015     41140224      5142528
      160704          256         511.169     82280448     10285056
      160704          512        1020.908    164560896     20570112
      160704         1024        2110.958    329121792     41140224
      160704         2048        4086.018    658243584     82280448
      208912            1          16.928       417824        52228
      208912            2          10.014       835648       104456
      208912            4          15.974      1671296       208912
      208912            8          26.226      3342592       417824
      208912           16          46.968      6685184       835648
      208912           32          87.976     13370368      1671296
      208912           64         169.992     26740736      3342592
      208912          128         334.024     53481472      6685184
      208912          256         664.949    106962944     13370368
      208912          512        1326.084    213925888     26740736
      208912         1024        2766.132    427851776     53481472
      208912         2048        5539.894    855703552    106962944
      271584            1          31.948       543168        67896
      271584            2          13.113      1086336       135792
      271584            4          20.981      2172672       271584
      271584            8          34.094      4345344       543168
      271584           16          60.081      8690688      1086336
      271584           32         113.964     17381376      2172672
      271584           64         245.094     34762752      4345344
      271584          128         452.995     69525504      8690688
      271584          256         890.017    139051008     17381376
      271584          512        1780.987    278102016     34762752
      271584         1024        3500.938    556204032     69525504
      353056            1          27.895       706112        88264
      353056            2          15.020      1412224       176528
      353056            4          25.988      2824448       353056
      353056            8          57.220      5648896       706112
      353056           16          77.963     11297792      1412224
      353056           32         148.058     22595584      2824448
      353056           64         287.056     45191168      5648896
      353056          128         564.098     90382336     11297792
      353056          256        1118.898    180764672     22595584
      353056          512        2319.813    361529344     45191168
      353056         1024        4545.927    723058688     90382336
      458968            1          46.968       917936       114742
      458968            2          22.888      1835872       229484
      458968            4          33.855      3671744       458968
      458968            8          57.220      7343488       917936
      458968           16         102.043     14686976      1835872
      458968           32         191.927     29373952      3671744
      458968           64         371.933     58747904      7343488
      458968          128         745.058    117495808     14686976
      458968          256        1454.115    234991616     29373952
      458968          512        2913.952    469983232     58747904
      458968         1024        5826.950    939966464    117495808
      596656            1          60.081      1193312       149164
      596656            2          31.233      2386624       298328
      596656            4          44.823      4773248       596656
      596656            8          73.910      9546496      1193312
      596656           16         132.084     19092992      2386624
      596656           32         250.101     38185984      4773248
      596656           64         486.135     76371968      9546496
      596656          128         993.013    152743936     19092992
      596656          256        1951.933    305487872     38185984
      596656          512        3893.137    610975744     76371968
      775648            1          74.148      1551296       193912
      775648            2          45.061      3102592       387824
      775648            4          61.989      6205184       775648
      775648            8         102.043     12410368      1551296
      775648           16         185.013     24820736      3102592
      775648           32         346.899     49641472      6205184
      775648           64         705.957     99282944     12410368
      775648          128        1383.066    198565888     24820736
      775648          256        2660.036    397131776     49641472
      775648          512        5388.021    794263552     99282944
     1008336            1          92.983      2016672       252084
     1008336            2          70.095      4033344       504168
     1008336            4          92.030      8066688      1008336
     1008336            8         153.065     16133376      2016672
     1008336           16         275.135     32266752      4033344
     1008336           32         530.958     64533504      8066688
     1008336           64        1007.080    129067008     16133376
     1008336          128        1987.934    258134016     32266752
     1008336          256        3944.874    516268032     64533504
     1008336          512        7904.053   1032536064    129067008
     1310832            1         118.017      2621664       327708
     1310832            2         148.058      5243328       655416
     1310832            4         156.879     10486656      1310832
     1310832            8         262.022     20973312      2621664
     1310832           16         488.997     41946624      5243328
     1310832           32         891.924     83893248     10486656
     1310832           64        1658.916    167786496     20973312
     1310832          128        3423.929    335572992     41946624
     1310832          256        6688.833    671145984     83893248
     1704080            1         155.926      3408160       426020
     1704080            2         181.913      6816320       852040
     1704080            4         241.995     13632640      1704080
     1704080            8         408.173     27265280      3408160
     1704080           16         744.104     54530560      6816320
     1704080           32        1429.081    109061120     13632640
     1704080           64        2696.037    218122240     27265280
     1704080          128        5346.060    436244480     54530560
     1704080          256       10553.122    872488960    109061120
     2215304            1         195.980      4430608       553826
     2215304            2         256.062      8861216      1107652
     2215304            4         349.045     17722432      2215304
     2215304            8         583.887     35444864      4430608
     2215304           16        1049.995     70889728      8861216
     2215304           32        1954.079    141779456     17722432
     2215304           64        3829.002    283558912     35444864
     2215304          128        7519.007    567117824     70889728
     2879888            1         257.015      5759776       719972
     2879888            2         334.024     11519552      1439944
     2879888            4         456.810     23039104      2879888
     2879888            8         735.998     46078208      5759776
     2879888           16        1317.024     92156416     11519552
     2879888           32        2537.012    184312832     23039104
     2879888           64        4854.202    368625664     46078208
     2879888          128        9618.044    737251328     92156416
     3743848            1         327.110      7487696       935962
     3743848            2         438.213     14975392      1871924
     3743848            4         571.012     29950784      3743848
     3743848            8         952.005     59901568      7487696
     3743848           16        1744.986    119803136     14975392
     3743848           32        3262.043    239606272     29950784
     3743848           64        6314.039    479212544     59901568
     3743848          128       12533.188    958425088    119803136
     4867000            1         427.008      9734000      1216750
     4867000            2         599.861     19468000      2433500
     4867000            4         746.012     38936000      4867000
     4867000            8        1243.114     77872000      9734000
     4867000           16        2294.064    155744000     19468000
     4867000           32        4287.958    311488000     38936000
     4867000           64        8345.842    622976000     77872000
     6327096            1         536.919     12654192      1581774
     6327096            2         763.893     25308384      3163548
     6327096            4         984.907     50616768      6327096
     6327096            8        1612.902    101233536     12654192
     6327096           16        2899.885    202467072     25308384
     6327096           32        5511.045    404934144     50616768
     6327096           64       10692.120    809868288    101233536
     8225224            1         710.964     16450448      2056306
     8225224            2        1073.122     32900896      4112612
     8225224            4        1331.091     65801792      8225224
     8225224            8        2184.868    131603584     16450448
     8225224           16        3930.092    263207168     32900896
     8225224           32        7448.912    526414336     65801792
     8225224           64       14667.988   1052828672    131603584
    10692784            1         911.951     21385568      2673196
    10692784            2        1451.969     42771136      5346392
    10692784            4        1771.927     85542272     10692784
    10692784            8        2896.070    171084544     21385568
    10692784           16        5254.984    342169088     42771136
    10692784           32        9783.983    684338176     85542272
    13900616            1        1230.001     27801232      3475154
    13900616            2        2167.940     55602464      6950308
    13900616            4        3025.055    111204928     13900616
    13900616            8        4692.078    222409856     27801232
    13900616           16        8390.903    444819712     55602464
    13900616           32       15744.925    889639424    111204928
    18070800            1        1588.106     36141600      4517700
    18070800            2        2779.007     72283200      9035400
    18070800            4        3837.109    144566400     18070800
    18070800            8        6263.018    289132800     36141600
    18070800           16       11046.886    578265600     72283200
    18070800           32       20669.937   1156531200    144566400
    23492040            1        1963.139     46984080      5873010
    23492040            2        3859.997     93968160     11746020
    23492040            4        5511.999    187936320     23492040
    23492040            8        8826.971    375872640     46984080
    23492040           16       15936.852    751745280     93968160
    23492040           32       30805.111   1503490560    187936320
    30539648            1        2595.901     61079296      7634912
    30539648            2        5097.151    122158592     15269824
    30539648            4        7622.004    244317184     30539648
    30539648            8       17970.085    488634368     61079296
    30539648           16       22729.158    977268736    122158592
    30539648           32       41942.835   1954537472    244317184
    39701536            1        3395.796     79403072      9925384
    39701536            2        6723.881    158806144     19850768
    39701536            4       10089.159    317612288     39701536
    39701536            8       16626.835    635224576     79403072
    39701536           16       29612.064   1270449152    158806144
    39701536           32       55571.079   2540898304    317612288
    51611992            1        4385.948    103223984     12902998
    51611992            2        8882.046    206447968     25805996
    51611992            4       13110.876    412895936     51611992
    51611992            8       21809.101    825791872    103223984
    51611992           16       38846.016   1651583744    206447968
    51611992           32       78547.001   3303167488    412895936
    67095584            1        5707.979    134191168     16773896
    67095584            2       11451.006    268382336     33547792
    67095584            4       17123.938    536764672     67095584
    67095584            8       28306.007   1073529344    134191168
    67095584           16       50719.976   2147058688    268382336
    67095584           32       96063.852   4294117376    536764672
    87224256            1        7551.908    174448512     21806064
    87224256            2       15129.089    348897024     43612128
    87224256            4       22499.800    697794048     87224256
    87224256            8       37485.123   1395588096    174448512
    87224256           16       71890.831   2791176192    348897024
    87224256           32      126096.010   5582352384    697794048
   113391528            1        9582.996    226783056     28347882
   113391528            2       19124.031    453566112     56695764
   113391528            4       28640.985    907132224    113391528
   113391528            8       47996.998   1814264448    226783056
   113391528           16       86045.027   3628528896    453566112
   113391528           32      168442.965   7257057792    907132224
   147408984            1       12762.070    294817968     36852246
   147408984            2       25352.955    589635936     73704492
   147408984            4       37893.057   1179271872    147408984
   147408984            8       63574.791   2358543744    294817968
   147408984           16      118050.098   4717087488    589635936
   147408984           32      212973.833   9434174976   1179271872
   191631672            1       16349.077    383263344     47907918
   191631672            2       32632.828    766526688     95815836
   191631672            4       48706.055   1533053376    191631672
   191631672            8       85862.875   3066106752    383263344
   191631672           16      144918.203   6132213504    766526688
   191631672           32      275147.915  12264427008   1533053376
   249121168            1       21671.057    498242336     62280292
   249121168            2       43169.022    996484672    124560584
   249121168            4       64108.849   1992969344    249121168
   249121168            8      105370.045   3985938688    498242336
   249121168           16      195296.049   7971877376    996484672
   249121168           32      357624.769  15943754752   1992969344
   323857512            1       27817.011    647715024     80964378
   323857512            2       60770.035   1295430048    161928756
   323857512            4       83251.953   2590860096    323857512
   323857512            8      136835.814   5181720192    647715024
   323857512           16      250272.036  10363440384   1295430048
   323857512           32      472741.127  20726880768   2590860096
   421014760            1       36111.832    842029520    105253690
   421014760            2       72613.955   1684059040    210507380
   421014760            4      106801.033   3368118080    421014760
   421014760            8      183359.861   6736236160    842029520
   421014760           16      321960.926  13472472320   1684059040
   421014760           32      614483.118  26944944640   3368118080

META_DATA
FLOPS          2
ERT_VERSION  1.1.0
HOSTNAME  ('dev-amd24.i', ['dev-amd24'], ['192.168.17.192'])
UNAME  uname_result(system='Linux', node='dev-amd24', release='5.15.0-126-generic', version='#136-Ubuntu SMP Wed Nov 6 10:38:22 UTC 2024', machine='x86_64')
TIMESTAMP_DATA  1759348014.7681491
CONFIG  {'ERT_RESULTS': ['Results.EPYC9654.01'], 'ERT_DRIVER': ['driver1'], 'ERT_KERNEL': ['kernel1'], 'ERT_HIP': ['False'], 'ERT_GPU': ['False'], 'ERT_GPU_CFLAGS': ['-O3', '-gencode', 'arch=compute_70,code=sm_70'], 'ERT_GPU_LDFLAGS': [], 'ERT_FLOPS': ['1,2,4'], 'ERT_ALIGN': ['64'], 'ERT_CC': ['g++'], 'ERT_CFLAGS': ['-O3', '-march=native', '-fopenmp'], 'ERT_LD': ['g++'], 'ERT_LDFLAGS': ['-fopenmp'], 'ERT_LDLIBS': [], 'ERT_RUN': ['srun', '-n', '1', './ERT_CODE'], 'ERT_PRECISION': ['FP64'], 'ERT_BLOCKS_THREADS': ['16384'], 'ERT_GPU_BLOCKS': ['8192,4096,2048,1024'], 'ERT_GPU_THREADS': ['32,64,128,256'], 'ERT_NUM_EXPERIMENTS': ['3'], 'ERT_WSS_MULT': ['1.3'], 'ERT_MEMORY_MAX': ['536870912'], 'ERT_WORKING_SET_MIN': ['512'], 'ERT_TRIALS_MIN': ['32'], 'ERT_GNUPLOT': ['gnuplot'], 'ERT_MPI': [False], 'ERT_OPENMP': [False], 'ERT_OCL': [False], 'ERT_SYCL': [False]}
