fp64
 4096 131072 3208.876 3209.829 4395.962 244.25639348110832 334.5168306473647 334.6161783752317 15.26602459256927 20.907301915460295 20.91351114845198
 5320 65536 2094.984 2271.891 2847.91 244.8472880112082 306.9262741918516 332.8440885467383 15.302955500700513 19.182892136990723 20.802755534171144
 6912 65536 2620.935 2624.989 3528.118 256.7855338171796 345.1327468419868 345.66658997647784 16.049095863573726 21.570796677624173 21.604161873529865
 8984 32768 1769.066 1775.98 2384.901 246.87625356356511 331.5214270430974 332.81710461904754 15.42976584772282 20.720089190193587 20.80106903869047
 11672 32768 2215.862 2240.181 2998.114 255.13912813188557 341.4617800972332 345.20930996605387 15.946195508242848 21.341361256077075 21.575581872878367
 15168 32768 2902.031 2903.223 3909.111 254.29056580895246 342.3953475155026 342.5359853151121 15.893160363059529 21.39970921971891 21.408499082194506
 19712 16384 1883.984 1891.851 2542.973 254.00301772767546 341.42372522994674 342.8494169801867 15.875188607979716 21.33898282687167 21.428088561261667
 25624 16384 2490.997 2496.958 3360.987 249.82162442163568 336.26806378000754 337.0727592205049 15.61385152635223 21.01675398625047 21.067047451281557
 33304 8192 1730.919 1736.164 2295.017 237.75542229098957 314.28640151506426 315.2387465849066 14.859713893186848 19.642900094691516 19.702421661556663
 43288 8192 3219.843 3237.963 4339.933 163.41970993561424 219.03603963355974 220.26868763476978 10.21373187097589 13.689752477097484 13.766792977173111
 56272 8192 4179.955 4196.882 5892.038 156.47564526909025 219.67747675536268 220.56707500439597 9.77972782931814 13.729842297210167 13.785442187774748
 73152 4096 2717.972 2722.025 3735.065 160.44196928299775 220.15271130867643 220.4809998042658 10.02762308018736 13.759544456792277 13.780062487766612
 95096 4096 3536.94 3549.099 4853.01 160.52438218754958 219.4997750133203 220.25435319796208 10.032773886721849 13.718735938332518 13.76589707487263
 123624 4096 4596.949 4798.889 6349.802 159.48966723686817 211.03380553290563 220.30433837747603 9.96810420230426 13.189612845806602 13.769021148592252
 160704 2048 2987.146 2996.922 4029.989 163.33632275423085 219.63987851535677 220.35869154035325 10.208520172139428 13.727492407209798 13.772418221272078
 208912 2048 3886.938 4091.978 5244.017 163.17711250745373 209.11733934053407 220.14849529372478 10.198569531715858 13.06983370878338 13.759280955857799
 271584 1024 2528.906 2530.813 3414.869 162.87712120142822 219.77286824431516 219.9385947915818 10.179820075089264 13.735804265269698 13.746162174473863
 353056 1024 3296.852 3386.974 4462.957 162.01336647429045 213.48220801222564 219.31790932683663 10.125835404643153 13.342638000764103 13.70736933292729
 458968 1024 4274.13 4274.845 5795.002 162.20295765212848 219.88316862950583 219.91995189664328 10.13768485325803 13.742698039344114 13.744996993540205
 596656 512 2787.113 2812.147 3767.014 162.19099371544678 217.2630890205953 219.2145578596921 10.136937107215424 13.578943063787206 13.700909866230756
 775648 512 3709.078 3987.789 5155.087 154.07374346931488 199.17391617259588 214.14042842992248 9.62960896683218 12.448369760787243 13.383776776870155
 1008336 512 6102.085 6609.201 7640.123 135.1465236881658 156.22706345290453 169.21037055367142 8.446657730510362 9.764191465806533 10.575648159604464
 1310832 256 5337.0 5491.972 6490.946 103.39725272710635 122.20491728654117 125.7534165261383 6.462328295444147 7.637807330408823 7.8595885328836435
 1704080 256 8657.932 8826.017 10042.906 86.87614521135615 98.85421249471874 100.77336712739255 5.429759075709759 6.178388280919921 6.298335445462034
 2215304 128 5925.894 6018.877 6948.948 81.61204026854136 94.22319545656107 95.70164839263072 5.100752516783835 5.888949716035067 5.98135302453942
 2879888 128 7812.023 7818.937 9108.067 80.94487315475392 94.29048066252486 94.373932078797 5.05905457217212 5.8931550414078036 5.898370754924812
 3743848 128 10092.02 10172.844 11805.058 81.18766447399072 94.21407504135522 94.96860767220042 5.07422902962442 5.888379690084701 5.935537979512526
 4867000 64 6669.044 6695.032 7786.989 80.00216771848528 93.05048878033742 93.41308889250094 5.00013548240533 5.815655548771089 5.838318055781309
 6327096 64 8677.959 8728.027 10165.93 79.66494831264822 92.78938848378907 93.32474237317783 4.979059269540514 5.799336780236817 5.832796398323614
 8225224 64 11281.967 11307.955 13864.04 75.93952931468749 93.10513457119346 93.31960215802793 4.746220582167968 5.819070910699591 5.832475134876746
 10692784 32 7573.128 7701.874 9420.872 72.64064048423545 88.85346293642301 90.36400493957055 4.5400400302647155 5.553341433526438 5.647750308723159
 13900616 32 10101.08 10519.981 13098.955 67.91682420467892 84.56663790552473 88.07369350604094 4.244801512792432 5.285414869095296 5.504605844127559
 18070800 32 14373.064 14841.08 20397.902 56.69853693776939 77.92769798424375 80.46518125849855 3.543658558610587 4.870481124015234 5.029073828656159
 23492040 32 21739.96 26098.967 27508.974 54.654548730170745 57.607282311211776 69.15792669351737 3.4159092956356716 3.600455144450736 4.3223704183448355
 30539648 32 31095.028 32007.933 39754.868 49.16473303344888 61.06415781362701 62.85691307304821 3.072795814590555 3.8165098633516883 3.928557067065513
 39701536 32 45638.8 45972.109 51594.973 49.24701295996415 55.27043155666407 55.67408222827945 3.0779383099977595 3.4544019722915045 3.479630139267466
 51611992 32 67769.051 68747.044 75592.041 43.69729199400768 48.048138447960035 48.741533771809785 2.73108074962548 3.003008652997502 3.0463458607381115
 67095584 32 84887.981 84953.07 93297.958 46.02584523875646 50.54693580820563 50.58569335039315 2.8766153274222788 3.159183488012852 3.161605834399572
 87224256 32 112907.887 113141.06 120990.038 46.13894231523425 49.33975679563193 49.44165135248701 2.883683894702141 3.0837347997269955 3.090103209530438
 113391528 32 151578.903 151964.903 162808.895 44.57408664311616 47.75482791575895 47.8764369471654 2.78588041519476 2.9846767447349345 2.9922773091978376
 147408984 32 196889.877 199782.848 210345.984 44.850749211356465 47.22214679810752 47.915998119090695 2.803171825709779 2.95138417488172 2.9947498824431684
 191631672 32 254560.947 254875.898 266085.148 46.09211412280704 48.11921058145718 48.178745218134345 2.88075713267544 3.007450661341074 3.0111715761333966
 249121168 32 330142.021 330396.891 350466.967 45.49288878343847 48.256370402710594 48.29362437325117 2.843305548964904 3.016023150169412 3.018351523328198
 323857512 32 427133.799 428753.138 456359.863 45.417843347893196 48.34222523637833 48.52549907435446 2.8386152092433248 3.021389077273646 3.0328436921471535
 421014760 32 559823.99 560534.954 591386.08 45.56235858645845 48.07005245207242 48.13110034816479 2.847647411653653 3.004378278254526 3.0081937717602996
 
META_DATA
 FLOPS          1
 ERT_VERSION  1.1.0
 HOSTNAME  ('dev-amd24.i', ['dev-amd24'], ['192.168.17.192'])
 UNAME  uname_result(system='Linux', node='dev-amd24', release='5.15.0-126-generic', version='#136-Ubuntu SMP Wed Nov 6 10:38:22 UTC 2024', machine='x86_64')
 TIMESTAMP_DATA  1759347905.25955
 CONFIG  {'ERT_RESULTS': ['Results.EPYC9654.01'], 'ERT_DRIVER': ['driver1'], 'ERT_KERNEL': ['kernel1'], 'ERT_HIP': ['False'], 'ERT_GPU': ['False'], 'ERT_GPU_CFLAGS': ['-O3', '-gencode', 'arch=compute_70,code=sm_70'], 'ERT_GPU_LDFLAGS': [], 'ERT_FLOPS': ['1,2,4'], 'ERT_ALIGN': ['64'], 'ERT_CC': ['g++'], 'ERT_CFLAGS': ['-O3', '-march=native', '-fopenmp'], 'ERT_LD': ['g++'], 'ERT_LDFLAGS': ['-fopenmp'], 'ERT_LDLIBS': [], 'ERT_RUN': ['srun', '-n', '1', './ERT_CODE'], 'ERT_PRECISION': ['FP64'], 'ERT_BLOCKS_THREADS': ['16384'], 'ERT_GPU_BLOCKS': ['8192,4096,2048,1024'], 'ERT_GPU_THREADS': ['32,64,128,256'], 'ERT_NUM_EXPERIMENTS': ['3'], 'ERT_WSS_MULT': ['1.3'], 'ERT_MEMORY_MAX': ['536870912'], 'ERT_WORKING_SET_MIN': ['512'], 'ERT_TRIALS_MIN': ['32'], 'ERT_GNUPLOT': ['gnuplot'], 'ERT_MPI': [False], 'ERT_OPENMP': [False], 'ERT_OCL': [False], 'ERT_SYCL': [False]}
 TIMESTAMP_DATA  1759347931.5418334
 TIMESTAMP_DATA  1759347947.96439
 