fp64

4096 8 0.954 0.954 10.014 6.5444377870980635 68.69601677148849 68.69601677148849 0.40902736169362897 4.2935010482180305 4.2935010482180305
4096 16 0.954 1.192 15.02 8.726498002663117 109.95973154362417 137.39203354297698 0.5454061251664448 6.872483221476511 8.587002096436061
4096 64 1.907 1.907 2.146 244.30941286113702 274.9281594126901 274.9281594126901 15.269338303821064 17.18300996329313 17.18300996329313
4096 128 3.099 3.815 4.053 258.7160128300025 274.8560943643513 338.3594707970313 16.169750801875157 17.178505897771956 21.147466924814456
4096 256 5.96 6.914 8.821 237.74538034236485 303.3196413074921 351.87114093959735 14.859086271397803 18.957477581718255 21.991946308724835
4096 512 13.113 13.113 16.928 247.77315689981097 319.858461069168 319.858461069168 15.485822306238186 19.991153816823 19.991153816823
4096 1024 25.034 25.034 34.094 246.04352672024402 335.0885995046737 335.0885995046737 15.377720420015251 20.943037469042107 20.943037469042107
4096 2048 50.068 50.068 67.949 246.90894641569415 335.0885995046737 335.0885995046737 15.431809150980884 20.943037469042107 20.943037469042107
4096 4096 100.851 101.089 134.945 248.65265108006966 331.92960658429706 332.7129329406749 15.540790692504354 20.745600411518566 20.79455830879218
4096 8192 200.987 200.987 271.082 247.55927726665732 333.89654057227585 333.89654057227585 15.472454829166082 20.86853378576724 20.86853378576724
4096 16384 401.02 401.02 542.164 247.55927726665732 334.6908583113062 334.6908583113062 15.472454829166082 20.91817864445664 20.91817864445664
4096 32768 802.994 802.994 1091.003 246.04465432267375 334.293227595723 334.293227595723 15.37779089516711 20.893326724732688 20.893326724732688
4096 65536 1607.18 1611.948 2161.98 248.32371807324768 333.0572152451568 334.04529175325723 15.52023237957798 20.8160759528223 20.877830734578577
4096 131072 3208.876 3209.829 4395.962 244.25639348110832 334.5168306473647 334.6161783752317 15.26602459256927 20.907301915460295 20.91351114845198

5320 1 0.954 0.954 1.907 5.579444153120083 11.153039832285117 11.153039832285117 0.3487152595700052 0.6970649895178198 0.6970649895178198
5320 16 0.954 0.954 1.192 142.81879194630872 178.44863731656187 178.44863731656187 8.926174496644295 11.153039832285117 11.153039832285117
5320 32 1.907 1.907 2.146 158.65796831314074 178.54221289984267 178.54221289984267 9.916123019571296 11.158888306240167 11.158888306240167
5320 64 3.099 3.815 4.053 168.01381692573403 178.4954128440367 219.7353985156502 10.500863557858377 11.155963302752294 13.733462407228137
5320 128 15.02 16.212 16.928 80.45368620037806 84.00690846286702 90.67376830892144 5.028355387523629 5.2504317789291886 5.66711051930759
5320 256 7.868 9.06 11.206 243.069784044262 300.64459161147903 346.19217081850536 15.191861502766375 18.79028697571744 21.637010676156585
5320 512 15.974 16.928 21.935 248.3555960793253 321.81474480151223 341.034180543383 15.522224754957831 20.113421550094515 21.314636283961438
5320 1024 32.902 33.14 44.107 247.02110776067292 328.7676523838262 331.1458270013981 15.438819235042057 20.547978273989138 20.696614187587382
5320 2048 64.85 66.042 88.93 245.03227257393453 329.95245449865234 336.0172706245182 15.314517035870908 20.62202840616577 21.001079414032386
5320 4096 130.892 131.13 176.907 246.35226418400626 332.35293220468236 332.95724719616175 15.397016511500391 20.772058262792648 20.80982794976011
5320 8192 262.976 320.196 354.052 246.18666184628242 272.21726692400904 331.4480408858603 15.386666365392651 17.013579182750565 20.715502555366268
5320 16384 524.998 635.862 708.103 246.18700951697707 274.1565937263117 332.0503316203109 15.386688094811067 17.134787107894482 20.75314572626943
5320 32768 1049.995 1093.149 1416.922 246.06260612793082 318.94235826954974 332.0506478602279 15.378912882995676 19.93389739184686 20.753165491264244
5320 65536 2094.984 2271.891 2847.91 244.8472880112082 306.9262741918516 332.8440885467383 15.302955500700513 19.182892136990723 20.802755534171144

6912 1 0.954 0.954 1.192 11.597315436241612 14.490566037735851 14.490566037735851 0.7248322147651007 0.9056603773584907 0.9056603773584907
6912 8 0.954 1.192 1.192 92.7785234899329 92.7785234899329 115.92452830188681 5.798657718120806 5.798657718120806 7.245283018867926
6912 16 0.954 1.907 1.907 115.98531725222863 115.98531725222863 231.84905660377362 7.249082328264289 7.249082328264289 14.490566037735851
6912 32 1.907 2.146 3.099 142.74540174249756 206.13606710158436 231.97063450445725 8.921587608906098 12.883504193849022 14.498164656528578
6912 64 3.815 4.053 5.007 176.6998202516477 218.2916358253146 231.90982961992137 11.043738765727982 13.643227239082162 14.494364351245085
6912 128 15.02 17.166 17.881 98.95822381298585 103.08004194337643 117.80772303595207 6.184888988311616 6.442502621461027 7.362982689747004
6912 256 9.775 10.014 13.828 255.92594735319645 353.3996405032954 362.0403069053708 15.995371709574778 22.087477531455963 22.627519181585676
6912 512 20.027 20.981 27.895 253.73321383760532 337.3475048853725 353.417286663005 15.858325864850332 21.08421905533578 22.08858041643781
6912 1024 41.008 41.008 55.075 257.0272537448933 345.1954740538431 345.1954740538431 16.06420335905583 21.574717128365194 21.574717128365194
6912 2048 82.016 82.016 111.103 254.82257004761348 345.1954740538431 345.1954740538431 15.926410627975843 21.574717128365194 21.574717128365194
6912 4096 163.078 164.032 221.014 256.1969106029482 345.1954740538431 347.21485424152854 16.012306912684263 21.574717128365194 21.700928390095534
6912 8192 327.11 327.11 441.074 256.7510395081097 346.20221943688665 346.20221943688665 16.046939969256858 21.637638714805416 21.637638714805416
6912 16384 655.89 657.082 882.864 256.5428152014353 344.6942938628664 345.3207336596075 16.033925950089706 21.54339336642915 21.58254585372547
6912 32768 1310.825 1317.024 1772.881 255.50774812297047 343.9457686420293 345.5723166707989 15.969234257685654 21.49661054012683 21.59826979192493
6912 65536 2620.935 2624.989 3528.118 256.7855338171796 345.1327468419868 345.66658997647784 16.049095863573726 21.570796677624173 21.604161873529865

8984 1 0.954 0.954 1.192 15.073825503355707 18.834381551362686 18.834381551362686 0.9421140939597317 1.1771488469601679 1.1771488469601679
8984 8 0.954 0.954 0.954 150.6750524109015 150.6750524109015 150.6750524109015 9.417190775681343 9.417190775681343 9.417190775681343
8984 16 1.192 1.907 2.146 133.96458527493013 150.7540639748296 241.1812080536913 8.372786579683133 9.42212899842685 15.073825503355707
8984 32 2.861 2.861 3.099 185.53597934817682 200.97029010835374 200.97029010835374 11.595998709261051 12.560643131772109 12.560643131772109
8984 64 5.96 6.199 6.914 166.32224472085628 185.5060493628005 192.94496644295305 10.395140295053517 11.594128085175031 12.059060402684565
8984 128 16.928 18.12 20.027 114.84016577620214 126.92626931567331 135.86389413988658 7.177510361012634 7.932891832229582 8.491493383742911
8984 256 14.067 14.067 19.073 241.16856288994913 326.9928200753537 326.9928200753537 15.07303518062182 20.437051254709605 20.437051254709605
8984 512 26.941 27.895 37.909 242.676303780105 329.79444344864675 341.47269960283586 15.167268986256563 20.61215271554042 21.34204372517724
8984 1024 56.028 56.028 75.102 244.9899070597321 328.39351752695086 328.39351752695086 15.311869191233257 20.52459484543443 20.52459484543443
8984 2048 111.103 111.103 149.965 245.38034874804123 331.210354355868 331.210354355868 15.336271796752577 20.70064714724175 20.70064714724175
8984 4096 221.014 221.014 298.023 246.95049710928353 332.99667894341536 332.99667894341536 15.43440606933022 20.81229243396346 20.81229243396346
8984 8192 442.028 442.982 595.808 247.04914334819273 332.2795418323995 332.99667894341536 15.440571459262046 20.76747136452497 20.81229243396346
8984 16384 885.01 890.97 1198.053 245.72177691638015 330.4125975060889 332.637723867527 15.35761105727376 20.650787344130556 20.789857741720436
8984 32768 1769.066 1775.98 2384.901 246.87625356356511 331.5214270430974 332.81710461904754 15.42976584772282 20.720089190193587 20.80106903869047

11672 1 1.192 1.907 1.907 12.241216570529627 12.241216570529627 19.583892617449663 0.7650760356581017 0.7650760356581017 1.223993288590604
11672 8 0.954 0.954 0.954 195.75681341719078 195.75681341719078 195.75681341719078 12.234800838574424 12.234800838574424 12.234800838574424
11672 16 0.954 2.146 2.146 174.0465983224604 174.0465983224604 391.51362683438157 10.877912395153775 10.877912395153775 24.469601677148848
11672 32 2.861 2.861 5.007 149.19273017775114 261.1003145753233 261.1003145753233 9.324545636109447 16.318769660957706 16.318769660957706
11672 64 15.02 16.212 16.928 88.25708884688089 92.15494695287441 99.46844207723035 5.516068052930056 5.759684184554651 6.216777629826897
11672 128 9.06 11.921 15.02 198.9368841544607 250.65279758409528 329.80485651214127 12.433555259653794 15.665799849005955 20.61280353200883
11672 256 16.928 16.928 23.842 250.65279758409528 353.02835538752356 353.02835538752356 15.665799849005955 22.064272211720223 22.064272211720223
11672 512 35.048 35.048 47.207 253.1855021501048 341.02168454690707 341.02168454690707 15.82409388438155 21.31385528418169 21.31385528418169
11672 1024 69.141 69.141 93.937 254.47114555499962 345.7319969338019 345.7319969338019 15.904446597187476 21.60824980836262 21.60824980836262
11672 2048 138.998 138.998 187.159 255.44329687591832 343.9510784327832 343.9510784327832 15.965206054744895 21.49694240204895 21.49694240204895
11672 4096 277.042 277.042 374.079 255.60650023123455 345.13548126276885 345.13548126276885 15.97540626445216 21.570967578923053 21.570967578923053
11672 8192 554.085 572.92 747.919 255.6881801371539 333.7883962856943 345.13485837010563 15.980511258572118 20.861774767855895 21.570928648131602
11672 16384 1107.931 1245.975 1494.169 255.97378609782425 306.9628973294007 345.20930996605387 15.998361631114015 19.185181083087542 21.575581872878367
11672 32768 2215.862 2240.181 2998.114 255.13912813188557 341.4617800972332 345.20930996605387 15.946195508242848 21.341361256077075 21.575581872878367

15168 1 0.954 1.192 1.907 15.907708442579967 25.449664429530202 31.798742138364783 0.9942317776612479 1.5906040268456376 1.987421383647799
15168 4 0.954 1.192 1.192 101.79865771812081 101.79865771812081 127.19496855345913 6.3624161073825505 6.3624161073825505 7.949685534591196
15168 8 0.954 0.954 1.907 127.26166754063973 254.38993710691827 254.38993710691827 7.953854221289983 15.899371069182392 15.899371069182392
15168 16 1.907 2.146 3.099 156.62342691190705 226.1770736253495 254.52333508127947 9.78896418199419 14.136067101584343 15.907708442579967
15168 32 4.053 5.007 5.007 193.87896944278012 193.87896944278012 239.51443375277572 12.117435590173757 12.117435590173757 14.969652109548482
15168 64 16.928 18.12 18.835 103.07958587735597 107.14701986754967 114.69187145557655 6.442474117334748 6.696688741721855 7.168241965973534
15168 128 11.206 11.921 15.02 258.5225033288948 325.72837849173726 346.511511690166 16.157656458055925 20.35802365573358 21.656969480635375
15168 256 22.888 22.888 30.994 250.56514164031745 339.3051380636141 339.3051380636141 15.66032135251984 21.20657112897588 21.20657112897588
15168 512 45.061 46.015 61.989 250.56109954992016 337.54280126045853 344.6890215485675 15.66006872187001 21.09642507877866 21.54306384678547
15168 1024 91.076 91.076 122.07 254.4774637503072 341.0784839035531 341.0784839035531 15.9048414843942 21.31740524397207 21.31740524397207
15168 2048 180.96 181.913 244.141 254.47642141221675 341.52659787920595 343.325198938992 15.904776338263547 21.345412367450372 21.457824933687
15168 4096 361.919 362.873 488.997 254.1043319284167 342.4235366092269 343.3261475634051 15.881520745526045 21.401471038076682 21.457884222712817
15168 8192 724.077 725.031 977.039 254.35270444680302 342.7612226235844 343.21282405048083 15.897044027925189 21.422576413974024 21.450801503155052
15168 16384 1446.962 1461.029 1965.046 252.9330224330626 340.1883357551424 343.49556104445037 15.808313902066413 21.2617709846964 21.468472565278148
15168 32768 2902.031 2903.223 3909.111 254.29056580895246 342.3953475155026 342.5359853151121 15.893160363059529 21.39970921971891 21.408499082194506

19712 1 1.907 1.907 1.907 20.673308862087048 20.673308862087048 20.673308862087048 1.2920818038804405 1.2920818038804405 1.2920818038804405
19712 4 0.954 0.954 0.954 165.29979035639414 165.29979035639414 165.29979035639414 10.331236897274634 10.331236897274634 10.331236897274634
19712 8 0.954 1.907 2.146 146.96738117427773 165.38647089669638 330.5995807127883 9.185461323392358 10.336654431043524 20.662473794549268
19712 16 2.861 2.861 4.053 155.63385146804836 220.4767563788885 220.4767563788885 9.727115716753023 13.779797273680531 13.779797273680531
19712 32 5.96 6.199 16.212 77.81692573402418 203.51153411840622 211.6724832214765 4.863557858376511 12.719470882400389 13.229530201342282
19712 64 8.106 15.02 17.881 141.10709691851687 167.98508655126497 311.2677029360967 8.819193557407305 10.49906790945406 19.454231433506045
19712 128 15.02 15.02 20.981 240.5162766312378 335.97017310252994 335.97017310252994 15.032267289452362 20.99813581890812 20.99813581890812
19712 256 30.041 30.041 40.054 251.97343586158686 335.9589893811791 335.9589893811791 15.748339741349179 20.997436836323693 20.997436836323693
19712 512 59.128 60.081 80.109 251.97029047922211 335.9645811487825 341.3795156271141 15.748143154951382 20.997786321798905 21.33621972669463
19712 1024 118.017 118.017 159.025 253.86056280459047 342.07085419897135 342.07085419897135 15.866285175286905 21.37942838743571 21.37942838743571
19712 2048 236.034 236.988 317.097 254.62351267908562 340.69384103836484 342.07085419897135 15.913969542442851 21.293365064897802 21.37942838743571
19712 4096 470.877 472.069 634.909 254.33676952130148 342.070129578515 342.93606185904173 15.896048095081342 21.379383098657186 21.433503866190108
19712 8192 941.992 951.052 1281.023 252.11210727676243 339.5833329828443 342.8494169801867 15.757006704797652 21.22395831142777 21.428088561261667
19712 16384 1883.984 1891.851 2542.973 254.00301772767546 341.42372522994674 342.8494169801867 15.875188607979716 21.33898282687167 21.428088561261667

25624 1 1.907 2.861 3.099 16.536947402387867 17.912617965746243 26.873623492396433 1.0335592126492417 1.1195386228591402 1.679601468274777
25624 2 0.954 0.954 1.192 85.98657718120806 107.43815513626836 107.43815513626836 5.374161073825504 6.714884696016773 6.714884696016773
25624 4 0.954 0.954 1.907 107.49449396958573 214.87631027253673 214.87631027253673 6.718405873099108 13.429769392033545 13.429769392033545
25624 8 1.907 2.146 2.146 191.0456663560112 191.0456663560112 214.98898793917147 11.9403541472507 11.9403541472507 13.436811746198217
25624 16 4.053 4.053 5.007 163.7643299380867 202.3113742906489 202.3113742906489 10.235270621130418 12.644460893165556 12.644460893165556
25624 32 15.974 16.212 17.881 91.71388624797271 101.15568714532445 102.6628270940278 5.732117890498294 6.322230446582778 6.416426693376738
25624 64 10.014 10.014 14.067 233.16073078836993 327.5286598761734 327.5286598761734 14.57254567427312 20.470541242260836 20.470541242260836
25624 128 20.027 20.027 26.941 243.48554248171934 327.54501423078847 327.54501423078847 15.217846405107458 20.47156338942428 20.47156338942428
25624 256 38.862 39.101 52.929 247.86956111016644 335.52819620981563 337.5916833925171 15.491847569385403 20.970512263113477 21.09948021203232
25624 512 77.963 77.963 106.096 247.31352737143717 336.55677693264755 336.55677693264755 15.457095460714823 21.034798558290472 21.034798558290472
25624 1024 155.926 156.164 232.935 225.29011097516474 336.0438513357753 336.55677693264755 14.080631935947796 21.002740708485955 21.034798558290472
25624 2048 311.852 318.05 438.929 239.11818084473802 329.9981260808049 336.55677693264755 14.944886302796126 20.624882880050308 21.034798558290472
25624 4096 622.988 622.988 867.128 242.07707281969905 336.9435815778153 336.9435815778153 15.129817051231191 21.058973848613455 21.058973848613455
25624 8192 1245.975 1251.936 1685.858 249.02667721717964 335.33951895304557 336.9438520034512 15.564167326073727 20.958719934565348 21.0589907502157
25624 16384 2490.997 2496.958 3360.987 249.82162442163568 336.26806378000754 337.0727592205049 15.61385152635223 21.01675398625047 21.067047451281557

33304 1 2.861 2.861 4.053 16.434246237355044 23.281370150297096 23.281370150297096 1.0271403898346902 1.4550856343935685 1.4550856343935685
33304 2 0.954 0.954 0.954 139.63941299790358 139.63941299790358 139.63941299790358 8.727463312368974 8.727463312368974 8.727463312368974
33304 4 1.192 2.146 2.146 124.15284249767008 124.15284249767008 223.51677852348993 7.75955265610438 7.75955265610438 13.96979865771812
33304 8 2.861 2.861 3.099 171.94707970313002 186.25096120237677 186.25096120237677 10.746692481445626 11.640685075148548 11.640685075148548
33304 16 5.007 5.96 6.199 171.91934182932732 178.81342281879193 212.84761334132216 10.744958864332958 11.175838926174496 13.302975833832635
33304 32 8.106 16.928 20.981 101.58981936037367 125.91304347826086 262.9479397976807 6.349363710023354 7.869565217391304 16.434246237355044
33304 64 13.113 13.113 19.073 223.50505950820528 325.0905208571646 325.0905208571646 13.96906621926283 20.31815755357279 20.31815755357279
33304 128 26.941 26.941 36.001 236.82186605927615 316.46278905757026 316.46278905757026 14.80136662870476 19.77892431609814 19.77892431609814
33304 256 53.167 54.121 73.195 232.96192362866316 315.065279651152 320.7186412624372 14.560120226791447 19.691579978197 20.044915078902324
33304 512 104.904 106.812 143.051 238.39956379193433 319.2833763996555 325.0905208571646 14.899972736995895 19.955211024978468 20.31815755357279
33304 1024 211.0 211.954 286.818 237.80443347349188 321.79903186540474 323.253990521327 14.862777092093243 20.112439491587796 20.20337440758294
33304 2048 423.908 429.869 571.966 238.49876391254023 317.33663976699876 321.79903186540474 14.906172744533764 19.833539985437422 20.112439491587796
33304 4096 847.816 869.036 1142.979 238.6976208661751 313.9413879286934 321.79903186540474 14.918601304135944 19.62133674554334 20.112439491587796
33304 8192 1730.919 1736.164 2295.017 237.75542229098957 314.28640151506426 315.2387465849066 14.859713893186848 19.642900094691516 19.702421661556663

43288 1 4.053 5.007 7.868 11.00355871886121 17.29099261034552 21.360967184801382 0.6877224199288257 1.080687038146595 1.3350604490500864
43288 2 0.954 0.954 1.907 90.79811221814369 181.50104821802938 181.50104821802938 5.67488201363398 11.343815513626836 11.343815513626836
43288 4 3.099 3.099 4.053 85.44386873920553 111.74701516618263 111.74701516618263 5.3402417962003454 6.984188447886415 6.984188447886415
43288 8 4.768 5.007 5.96 116.20939597315437 138.32794088276415 145.26174496644296 7.263087248322148 8.64549630517276 9.078859060402685
43288 16 6.914 18.12 20.027 69.16742397763021 76.4467991169978 200.34943592710445 4.322963998601888 4.777924944812362 12.521839745444028
43288 32 14.067 14.067 19.073 145.25412887327636 196.94547522570556 196.94547522570556 9.078383054579772 12.309092201606598 12.309092201606598
43288 64 26.941 27.18 36.001 153.90861364962086 203.8581309786608 205.66660480308826 9.619288353101304 12.7411331861663 12.854162800193016
43288 128 53.167 53.883 71.049 155.9730326957452 205.66278789228514 208.4324486993812 9.748314543484074 12.853924243267821 13.027028043711326
43288 256 106.096 112.057 139.952 158.36469646736026 197.78734037141814 208.90001508068164 9.897793529210016 12.361708773213634 13.056250942542603
43288 512 201.941 211.954 278.95 158.90629861982436 209.1345858063542 219.50427104946496 9.931643663739022 13.070911612897138 13.71901694059156
43288 1024 401.974 423.193 553.846 160.06944890818028 209.4879263125808 220.54616467731745 10.004340556761267 13.0929953945363 13.78413529233234
43288 2048 804.901 844.955 1108.17 160.00040427010296 209.84271115029796 220.28503878116692 10.000025266881435 13.115169446893622 13.767814923822932
43288 4096 1608.133 1656.055 2208.948 160.53582791446428 214.1325596070179 220.5136614944162 10.033489244654017 13.383284975438619 13.782103843401012
43288 8192 3219.843 3237.963 4339.933 163.41970993561424 219.03603963355974 220.26868763476978 10.21373187097589 13.689752477097484 13.766792977173111

56272 1 4.053 4.768 5.007 22.477331735570203 23.604026845637584 27.768073032321738 1.4048332334731377 1.475251677852349 1.7355045645201086
56272 2 1.907 1.907 2.861 78.674589304439 118.03251179863659 118.03251179863659 4.917161831527437 7.377031987414787 7.377031987414787
56272 4 2.861 4.053 4.053 111.07229212928695 111.07229212928695 157.349178608878 6.942018258080434 6.942018258080434 9.834323663054874
56272 8 15.02 15.02 16.928 53.18714555765595 59.94354194407457 59.94354194407457 3.324196597353497 3.7464713715046605 3.7464713715046605
56272 16 9.775 10.014 12.875 139.86050485436894 179.81865388456163 184.2152429667519 8.741281553398059 11.238665867785102 11.513452685421994
56272 32 18.12 18.12 24.08 149.56013289036545 198.75320088300222 198.75320088300222 9.34750830564784 12.422075055187639 12.422075055187639
56272 64 35.048 35.048 46.968 153.35581672628172 205.51289659895 205.51289659895 9.584738545392607 12.844556037434375 12.844556037434375
56272 128 67.949 69.141 91.791 156.9394820843002 208.35151357371166 212.0065343124991 9.808717630268763 13.021969598356979 13.250408394531194
56272 256 136.852 137.091 205.994 139.86457857995865 210.16160068859367 210.52862946833076 8.741536161247415 13.135100043037104 13.158039341770673
56272 512 271.082 272.036 380.039 151.62267030488977 211.8194944786719 212.56493607100433 9.47641689405561 13.238718404916995 13.28530850443777
56272 1024 542.164 544.071 753.88 152.86923117737572 211.81988380193025 212.56493607100433 9.554326948585983 13.23874273762064 13.28530850443777
56272 2048 1049.042 1080.99 1504.898 153.15995635584605 213.22131749599905 219.7148560305498 9.572497272240378 13.32633234349994 13.732178501909363
56272 4096 2097.13 2124.071 2974.033 155.00171786930406 217.0267491058444 219.8148059490828 9.687607366831504 13.564171819115275 13.738425371817675
56272 8192 4179.955 4196.882 5892.038 156.47564526909025 219.67747675536268 220.56707500439597 9.77972782931814 13.729842297210167 13.785442187774748

73152 1 5.96 5.96 6.199 23.601226004194224 24.54765100671141 24.54765100671141 1.475076625262139 1.534228187919463 1.534228187919463
73152 2 3.099 3.099 4.053 72.19541080680976 94.42013552758952 94.42013552758952 4.51221317542561 5.901258470474345 5.901258470474345
73152 4 3.815 5.007 5.007 116.87956860395447 116.87956860395447 153.39868938401048 7.304973037747154 7.304973037747154 9.587418086500655
73152 8 16.928 16.928 18.835 62.14133262543137 69.14177693761813 69.14177693761813 3.8838332890894605 4.321361058601133 4.321361058601133
73152 16 11.921 12.159 16.928 138.28355387523627 192.52109548482605 196.36473450213907 8.642722117202267 12.032568467801628 12.272795906383692
73152 32 22.888 23.127 30.994 151.0527198812673 202.43559475937218 204.5494582313876 9.440794992579207 12.652224672460761 12.784341139461725
73152 64 45.061 45.061 59.843 156.46702204100728 207.79512216772818 207.79512216772818 9.779188877562955 12.987195135483011 12.987195135483011
73152 128 87.976 87.976 119.209 157.09310538633827 212.86387196508136 212.86387196508136 9.818319086646142 13.303991997817585 13.303991997817585
73152 256 173.807 174.999 234.842 159.48520281721323 214.0230744175681 215.4908835662545 9.967825176075827 13.376442151098006 13.468180222890906
73152 512 339.985 340.939 458.956 163.21313589973764 219.70982492469324 220.32633204406073 10.200820993733602 13.731864057793327 13.770395752753796
73152 1024 679.016 679.97 915.051 163.7234383657304 220.32633204406073 220.63588486869233 10.23271489785815 13.770395752753796 13.78974280429327
73152 2048 1358.986 1362.801 1908.064 157.0338269575863 219.86378935736033 220.4809998042658 9.814614184849145 13.74148683483502 13.780062487766612
73152 4096 2717.972 2722.025 3735.065 160.44196928299775 220.15271130867643 220.4809998042658 10.02762308018736 13.759544456792277 13.780062487766612

95096 1 7.153 7.868 7.868 24.172852058973056 24.172852058973056 26.589123444708513 1.510803253685816 1.510803253685816 1.661820215294282
95096 2 3.099 4.053 4.053 93.85245497162596 93.85245497162596 122.74411100354952 5.8657784357266225 5.8657784357266225 7.671506937721845
95096 4 15.02 15.02 16.928 44.94139886578449 50.650332889480694 50.650332889480694 2.808837429111531 3.1656458055925434 3.1656458055925434
95096 8 9.06 9.06 12.875 118.17755339805825 167.93995584988963 167.93995584988963 7.386097087378641 10.496247240618102 10.496247240618102
95096 16 15.974 15.974 22.173 137.24223154286744 190.5015650431952 190.5015650431952 8.577639471429215 11.9063478151997 11.9063478151997
95096 32 30.041 30.041 41.962 145.03941661503265 202.5945873972238 202.5945873972238 9.06496353843954 12.662161712326487 12.662161712326487
95096 64 57.936 58.174 82.016 148.41357783847053 209.23931653315913 210.0988677161005 9.275848614904408 13.077457283322445 13.131179232256281
95096 128 114.202 114.918 159.025 153.08647068071056 211.84301850014793 213.1711878951332 9.56790441754441 13.240188656259246 13.323199243445824
95096 256 225.067 226.974 316.858 153.66237241919094 214.5142262990475 216.33181230478033 9.603898276199434 13.407139143690468 13.52073826904877
95096 512 449.896 452.995 622.988 156.3084746415661 214.96551617567525 216.4462542454256 9.769279665097882 13.435344760979703 13.5278908903391
95096 1024 901.937 902.176 1203.775 161.78821457498287 215.8742950377753 215.9314985414724 10.11176341093643 13.492143439860957 13.495718658842025
95096 2048 1770.02 1806.021 2480.984 156.99948730020026 215.67479890876132 220.06147727144327 9.812467956262516 13.479674931797582 13.753842329465204
95096 4096 3536.94 3549.099 4853.01 160.52438218754958 219.4997750133203 220.25435319796208 10.032773886721849 13.718735938332518 13.76589707487263

123624 1 10.014 10.014 10.014 24.690233672858 24.690233672858 24.690233672858 1.543139604553625 1.543139604553625 1.543139604553625
123624 2 4.053 5.007 14.067 35.15291106845809 98.760934691432 122.00740192450037 2.1970569417786305 6.1725584182145 7.625462620281273
123624 4 7.153 15.974 19.789 49.976855828995895 61.912607987980465 138.26254718300012 3.1235534893122434 3.869537999248779 8.641409198937508
123624 8 11.921 11.921 15.02 131.69001331557922 165.92433520677795 165.92433520677795 8.230625832223701 10.370270950423622 10.370270950423622
123624 16 20.027 20.981 27.895 141.8163828643126 188.55002144797672 197.53173216158186 8.863523929019538 11.784376340498545 12.345733260098866
123624 32 39.101 39.101 52.214 151.52901520664955 202.34612925500628 202.34612925500628 9.470563450415597 12.646633078437892 12.646633078437892
123624 64 75.102 75.102 100.851 156.90347145789332 210.6984101621794 210.6984101621794 9.806466966118332 13.168650635136213 13.168650635136213
123624 128 146.866 148.058 198.841 159.16105833303996 213.752340299072 215.48720602453932 9.947566145814998 13.359521268692 13.467950376533707
123624 256 292.063 293.016 393.152 160.9949536057301 216.01376034073223 216.71861208027033 10.062184600358131 13.500860021295765 13.544913255016896
123624 512 581.98 583.887 782.013 161.87835240590627 216.8073205945671 217.5177428777621 10.117397025369142 13.550457537160444 13.59485892986013
123624 1024 1160.145 1168.013 1599.073 158.33045270603654 216.76295726160583 218.2330243202358 9.895653294127284 13.547684828850365 13.639564020014738
123624 2048 2299.07 2318.144 3139.973 161.2637764719633 218.43505148946744 220.24727563754035 10.078986029497706 13.652190718091715 13.765454727346272
123624 4096 4596.949 4798.889 6349.802 159.48966723686817 211.03380553290563 220.30433837747603 9.96810420230426 13.189612845806602 13.769021148592252

160704 1 12.875 13.113 16.928 18.986767485822305 24.510638297872344 24.96372815533981 1.186672967863894 1.5319148936170215 1.560233009708738
160704 2 15.02 15.02 16.928 37.97353497164461 42.79733688415446 42.79733688415446 2.373345935727788 2.674833555259654 2.674833555259654
160704 4 9.06 10.014 12.159 105.73501110288676 128.3834631515878 141.9019867549669 6.608438193930422 8.023966446974237 8.868874172185432
160704 8 15.02 15.02 20.027 128.38987367054477 171.18934753661784 171.18934753661784 8.024367104409048 10.699334221038615 10.699334221038615
160704 16 25.988 27.18 36.001 142.8440321102192 189.20264900662252 197.880868092966 8.9277520068887 11.825165562913908 12.367554255810376
160704 32 48.876 49.829 67.949 151.3643467895039 206.40703204960968 210.43162288239628 9.460271674343995 12.900439503100605 13.151976430149768
160704 64 97.036 97.036 131.13 156.86808510638298 211.984335710458 211.984335710458 9.804255319148936 13.249020981903625 13.249020981903625
160704 128 189.781 191.212 257.015 160.06935003793555 215.1550321109554 216.77735916661837 10.004334377370972 13.447189506934713 13.548584947913648
160704 256 375.986 378.847 509.977 161.34148794945656 217.18648425353774 218.8391269887709 10.083842996841035 13.574155265846109 13.67744543679818
160704 512 750.065 904.799 1016.14 161.94707028559057 181.8756386777616 219.39551372214407 10.12169189284941 11.3672274173601 13.712219607634005
160704 1024 1497.984 1541.853 2032.042 161.96603810354316 213.45860597605608 219.70981799538583 10.122877381471447 13.341162873503505 13.731863624711615
160704 2048 2987.146 2996.922 4029.989 163.33632275423085 219.63987851535677 220.35869154035325 10.208520172139428 13.727492407209798 13.772418221272078

208912 1 15.974 16.212 16.928 24.68241965973535 25.77251418702196 26.15650431951922 1.5426512287334593 1.6107821366888726 1.6347815199699514
208912 2 8.106 16.928 20.027 41.72606980576222 49.3648393194707 103.09005674808785 2.607879362860139 3.0853024574669186 6.44312854675549
208912 4 10.967 10.967 15.02 111.27137150466045 152.39317953861584 152.39317953861584 6.954460719041278 9.52457372116349 9.52457372116349
208912 8 19.073 19.073 25.988 128.62059412036325 175.25255596917106 175.25255596917106 8.038787132522703 10.953284748073191 10.953284748073191
208912 16 35.048 35.048 46.015 145.28271215907856 190.74366582971925 190.74366582971925 9.08016950994241 11.921479114357453 11.921479114357453
208912 32 64.85 65.088 87.976 151.97744839501684 205.41986234021633 206.17375481881268 9.498590524688552 12.83874139626352 12.885859676175793
208912 64 125.885 126.123 169.992 157.30584968704412 212.02109052274366 212.4219406601263 9.831615605440257 13.251318157671479 13.276371291257894
208912 128 247.002 247.955 334.024 160.11266256316912 215.6902341150612 216.52242491963628 10.00704141019807 13.480639632191325 13.532651557477267
208912 256 493.05 535.011 662.088 161.55396865673447 199.9266258076937 216.94137308589396 10.097123041045904 12.495414112980857 13.558835817868372
208912 512 971.794 980.854 1325.13 161.4376612105982 218.10166242886302 220.13501626888004 10.089853825662388 13.631353901803939 13.758438516805002
208912 1024 1945.972 1968.145 2618.074 163.4223387115872 217.3883407980611 219.86533002530356 10.2138961694742 13.58677129987882 13.741583126581473
208912 2048 3886.938 4091.978 5244.017 163.17711250745373 209.11733934053407 220.14849529372478 10.198569531715858 13.06983370878338 13.759280955857799

271584 1 22.888 30.041 30.041 18.08088945108352 18.08088945108352 23.731562390772456 1.13005559069272 1.13005559069272 1.4832226494232785
271584 2 10.014 10.967 13.828 78.56060167775529 99.05498313121181 108.48172558418216 4.910037604859705 6.190936445700738 6.780107849011385
271584 4 15.02 15.974 21.219 102.3927612045808 136.013021159384 144.65193075898802 6.3995475752863 8.5008138224615 9.040745672436751
271584 8 25.034 25.034 32.902 132.0692966992888 173.57769433570346 173.57769433570346 8.25433104370555 10.848605895981466 10.848605895981466
271584 16 43.869 45.061 61.035 142.3885967068076 192.8649608308737 198.1054503179922 8.899287294175474 12.054060051929607 12.381590644874512
271584 32 83.923 83.923 113.01 153.8038757632068 207.11099460219486 207.11099460219486 9.612742235200425 12.944437162637179 12.944437162637179
271584 64 162.84 162.84 219.822 158.14045909872533 213.4779661016949 213.4779661016949 9.883778693670333 13.342372881355931 13.342372881355931
271584 128 319.958 320.911 432.014 160.93345123074715 216.65042332609352 217.2957200632583 10.058340701921697 13.540651457880845 13.580982503953644
271584 256 634.909 642.061 863.075 161.11115256495668 216.56977763795027 219.00935094635608 10.069447035309793 13.535611102371892 13.688084434147255
271584 512 1265.049 1266.003 1707.077 162.91123130356746 219.66931831915093 219.8349755622114 10.181951956472966 13.729332394946933 13.739685972638213
271584 1024 2528.906 2530.813 3414.869 162.87712120142822 219.77286824431516 219.9385947915818 10.179820075089264 13.735804265269698 13.746162174473863

353056 1 35.048 37.193 38.147 18.51028914462474 18.985077837227433 20.14699840219128 1.1568930715390462 1.1865673648267145 1.259187400136955
353056 2 12.875 13.113 18.12 77.93730684326711 107.69648440478913 109.68730097087378 4.871081677704194 6.731030275299321 6.855456310679611
353056 4 19.073 20.027 26.941 104.83827623325044 141.03200679083236 148.0861951449693 6.5523922645781525 8.814500424427022 9.255387196560582
353056 8 32.902 33.14 43.869 128.76737559552302 170.45552202776102 171.68852957267035 8.047960974720189 10.653470126735064 10.730533098291897
353056 16 57.936 59.128 77.963 144.91222759514127 191.0734677310242 195.00469483568074 9.05701422469633 11.942091733189013 12.187793427230046
353056 32 108.957 109.911 148.058 152.61305704521203 205.58073350256115 207.38074653303596 9.538316065325752 12.848795843910072 12.961296658314748
353056 64 212.908 219.822 287.056 157.429797670141 205.58073350256115 212.2567869690195 9.839362354383812 12.848795843910072 13.266049185563718
353056 128 416.994 417.948 576.019 156.90860197319878 216.25258644616076 216.74732969778938 9.806787623324924 13.515786652885048 13.546708106111836
353056 256 828.028 834.942 1115.084 162.108569399256 216.49967542655656 218.3074388788785 10.1317855874535 13.531229714159785 13.644214929929905
353056 512 1646.042 1648.903 2224.922 162.4907947334783 219.25446433174054 219.63555243426353 10.155674670842394 13.703404020733783 13.72722202714147
353056 1024 3296.852 3386.974 4462.957 162.01336647429045 213.48220801222564 219.31790932683663 10.125835404643153 13.342638000764103 13.70736933292729

458968 1 43.869 44.107 46.015 19.948625448223403 20.811571859342056 20.92447970092776 1.2467890905139627 1.3007232412088785 1.307779981307985
458968 2 16.928 18.12 22.888 80.21111499475707 101.31743929359823 108.45179584120982 5.013194687172317 6.332339955849889 6.7782372400756135
458968 4 25.034 25.988 34.094 107.69472634481139 141.28613206095122 146.67028840776544 6.730920396550712 8.830383253809451 9.16689302548534
458968 8 41.962 42.915 56.982 128.87381980274472 171.11704532214844 175.00328868976692 8.054613737671545 10.694815332634278 10.937705543110432
458968 16 74.863 75.102 100.851 145.6304449137837 195.56038454368723 196.1847107382819 9.10190280711148 12.222524033980452 12.261544421142618
458968 32 142.097 143.051 193.119 152.10285885904545 205.3390189512831 206.71760839426585 9.506428678690341 12.833688684455193 12.919850524641616
458968 64 276.089 277.042 373.125 157.4483189279732 212.05414341507787 212.786108827226 9.840519932998324 13.253383963442367 13.299131801701625
458968 128 542.879 542.879 735.044 159.84867300460922 216.43093212299607 216.43093212299607 9.990542062788077 13.526933257687254 13.526933257687254
458968 256 1077.89 1079.082 1465.082 160.39485571456066 217.76993407359214 218.01075805508907 10.024678482160041 13.610620879599509 13.625672378443067
458968 512 2150.059 2158.165 2894.878 162.34992700901384 217.7698331684556 218.59085355332107 10.146870438063365 13.610614573028474 13.661928347082567
458968 1024 4274.13 4274.845 5795.002 162.20295765212848 219.88316862950583 219.91995189664328 10.13768485325803 13.742698039344114 13.744996993540205

596656 1 55.075 55.79 59.843 19.940711528499573 21.38935293063273 21.667035860190648 1.2462944705312233 1.3368345581645455 1.3541897412619155
596656 2 22.173 27.895 30.041 79.44555773775839 85.55741172253092 107.63649483606187 4.9653473586098995 5.347338232658182 6.727280927253867
596656 4 33.14 40.054 45.061 105.92858569494685 119.17032006790832 144.0328304164152 6.620536605934178 7.44814500424427 9.00205190102595
596656 8 54.836 66.042 73.91 129.16379380327425 144.5518912207383 174.09176453424757 8.07273711270464 9.034493201296144 10.880735283390473
596656 16 97.99 117.064 133.038 143.51532644808248 163.0987494020365 194.84633125829168 8.969707903005155 10.193671837627281 12.17789570364323
596656 32 184.059 221.014 251.055 152.1020652844994 172.776312812763 207.465997316078 9.506379080281212 10.798519550797687 12.966624832254874
596656 64 356.913 435.114 496.864 153.70799252914279 175.52174372693133 213.97922743077444 9.606749533071424 10.970108982933208 13.373701714423403
596656 128 704.05 710.964 947.952 161.13045386264284 214.84060515019044 216.95040977203325 10.070653366415177 13.427537821886903 13.559400610752078
596656 256 1397.133 1410.007 1886.129 161.96552409723833 216.6569896461507 218.65339377138753 10.122845256077396 13.541061852884418 13.66583711071172
596656 512 2787.113 2812.147 3767.014 162.19099371544678 217.2630890205953 219.2145578596921 10.136937107215424 13.578943063787206 13.700909866230756

775648 1 70.81 71.049 75.817 20.461057546460555 21.83417078354375 21.90786612060443 1.2788160966537847 1.3646356739714844 1.369241632537777
775648 2 37.909 44.107 46.968 66.05757111224663 70.34239463123768 81.84315070299928 4.128598194515415 4.396399664452355 5.115196918937455
775648 4 43.869 46.968 61.989 100.10137282421076 132.11514222449327 141.44803847819642 6.256335801513172 8.25719638903083 8.840502404887276
775648 8 74.148 77.963 101.089 122.76675009150352 159.18279183715353 167.3729298160436 7.67292188071897 9.948924489822096 10.460808113502726
775648 16 129.938 139.952 181.913 136.44289303128417 177.35177775237224 191.01984023149504 8.52768081445526 11.084486109523265 11.93874001446844
775648 32 245.094 265.121 341.177 145.5006404300407 187.24081457145982 202.54054362815899 9.093790026877544 11.702550910716239 12.658783976759937
775648 64 477.076 511.885 662.088 149.95430214714662 193.95556423806127 208.1071862764004 9.372143884196664 12.12222276487883 13.006699142275025
775648 128 937.939 1007.795 1306.057 152.03462636010525 197.0300388471862 211.70447971563183 9.502164147506578 12.314377427949138 13.23152998222699
775648 256 1869.917 2010.822 2598.047 152.85781050150362 197.49723048584113 212.37936015341856 9.553613156343976 12.34357690536507 13.27371000958866
775648 512 3709.078 3987.789 5155.087 154.07374346931488 199.17391617259588 214.14042842992248 9.62960896683218 12.448369760787243 13.383776776870155

1008336 1 86.069 89.169 92.983 21.688609745867527 22.616290414830267 23.430875228014735 1.3555381091167205 1.4135181509268917 1.464429701750921
1008336 2 56.982 60.081 69.141 58.33505445394194 67.13177210765467 70.7827735074234 3.6459409033713714 4.195735756728417 4.4239233442139625
1008336 4 71.049 77.009 91.076 88.57095173261892 104.7499383188978 113.53696744500274 5.535684483288683 6.546871144931113 7.0960604653126715
1008336 8 117.064 128.031 150.919 106.90089385696963 126.0114815943014 137.81671564272537 6.681305866060602 7.8757175996438376 8.613544727670336
1008336 16 211.0 230.074 268.936 119.97929618942798 140.24510374922852 152.92299526066353 7.498706011839249 8.765318984326782 9.55768720379147
1008336 32 396.967 436.068 508.07 127.01695435668314 147.98954291532516 162.5664198787305 7.9385596472926965 9.249346432207822 10.160401242420656
1008336 64 779.867 844.955 986.099 130.88646069005242 152.7501559254635 165.49874273433807 8.180403793128276 9.546884745341469 10.34367142089613
1008336 128 1517.057 1669.168 1956.94 131.90696495549176 154.64831341123244 170.1544609068743 8.244185309718235 9.665519588202027 10.634653806679644
1008336 256 3026.962 3309.965 3844.023 134.30409547497504 155.9738643762094 170.55649591901056 8.39400596718594 9.748366523513088 10.65978099493816
1008336 512 6102.085 6609.201 7640.123 135.1465236881658 156.22706345290453 169.21037055367142 8.446657730510362 9.764191465806533 10.575648159604464

1310832 1 108.957 112.057 117.779 22.259180329260737 23.39580749083056 24.061455436548364 1.391198770578796 1.46223796817691 1.5038409647842728
1310832 2 99.897 108.957 114.202 45.91275109017355 48.12291087309673 52.48734196222109 2.869546943135847 3.0076819295685455 3.280458872638818
1310832 4 125.17 127.792 154.972 67.66806907054178 82.06034806560662 83.77930814092835 4.229254316908861 5.128771754100414 5.236206758808022
1310832 8 207.901 212.908 252.008 83.22478651471381 98.50880192383566 100.88124636245136 5.201549157169613 6.156800120239729 6.30507789765321
1310832 16 394.821 399.828 463.963 90.40941626810759 104.91167201896818 106.24212997788872 5.6505885167567245 6.556979501185511 6.640133123618045
1310832 32 705.004 723.124 866.89 96.77496337482265 116.01502370271213 118.99683973424264 6.0484352109264155 7.250938981419508 7.437302483390165
1310832 64 1374.96 1398.087 1676.083 100.10631693060546 120.01148426385484 122.03009251178217 6.256644808162841 7.5007177664909275 7.626880781986386
1310832 128 2691.984 2758.98 3289.223 102.02196445786741 121.62936737489943 124.65638428757377 6.376372778616713 7.601835460931214 7.791024017973361
1310832 256 5337.0 5491.972 6490.946 103.39725272710635 122.20491728654117 125.7534165261383 6.462328295444147 7.637807330408823 7.8595885328836435

1704080 1 140.905 144.005 150.204 22.690207983808687 23.666956008471928 24.187644157411018 1.418137998988043 1.4791847505294955 1.5117277598381886
1704080 2 154.018 154.972 169.039 40.32394891119801 43.98420359806932 44.25664532716955 2.5202468069498756 2.7490127248793326 2.766040332948097
1704080 4 199.08 203.133 228.882 59.56187030871803 67.11189220855302 68.47819971870604 3.7226168942948767 4.1944932630345635 4.279887482419127
1704080 8 334.978 339.985 383.854 71.03033966039172 80.19553803844288 81.39424081581477 4.439396228774482 5.01222112740268 5.087140050988423
1704080 16 614.166 616.074 695.944 78.35481015713908 88.51300330804416 88.78798240215184 4.897175634821193 5.53206270675276 5.54924890013449
1704080 32 1136.78 1163.96 1335.144 81.68491188965385 93.698340149146 95.93863368461795 5.105306993103365 5.856146259321625 5.996164605288622
1704080 64 2212.048 2259.016 2576.113 84.67106838869259 96.55630593143209 98.6064678524155 5.291941774293287 6.034769120714506 6.162904240775969
1704080 128 4374.981 4440.069 5057.812 86.25162026583827 98.25173437619999 99.71345704129915 5.390726266614892 6.140733398512499 6.232091065081197
1704080 256 8657.932 8826.017 10042.906 86.87614521135615 98.85421249471874 100.77336712739255 5.429759075709759 6.178388280919921 6.298335445462034

2215304 1 183.105 190.02 192.165 23.05626935185908 23.316535101568256 24.197089101881435 1.4410168344911924 1.457283443848016 1.5123180688675897
2215304 2 207.901 211.0 241.995 36.617351598173514 41.99628436018957 42.62228656908817 2.2885844748858446 2.624767772511848 2.6638929105680105
2215304 4 269.89 274.897 317.097 55.889623679820374 64.46935397621655 65.66538960317166 3.4931014799887734 4.0293346235135346 4.104086850198229
2215304 8 462.055 463.009 531.912 66.63670682368512 76.55329378046646 76.71135254461049 4.16479417648032 4.784580861279154 4.794459534038156
2215304 16 817.06 827.074 954.866 74.24049866682864 85.71146959038732 86.76196117788167 4.64003116667679 5.356966849399208 5.422622573617605
2215304 32 1548.052 1568.794 1809.835 78.33833249992402 90.37480765479725 91.58571934276111 4.896145781245251 5.648425478424828 5.724107458922569
2215304 64 3015.995 3035.069 3528.833 80.3548685925347 93.4275009892691 94.01836276253773 5.022179287033419 5.839218811829319 5.876147672658608
2215304 128 5925.894 6018.877 6948.948 81.61204026854136 94.22319545656107 95.70164839263072 5.100752516783835 5.888949716035067 5.98135302453942

2879888 1 232.935 233.173 247.002 23.31874235836147 24.701727901600957 24.72696675038101 1.4574213973975918 1.5438579938500598 1.545435421898813
2879888 2 282.049 286.102 311.852 36.93916344932853 40.26379403149926 40.842378451971115 2.3086977155830333 2.5164871269687037 2.5526486532481947
2879888 4 355.005 357.151 420.809 54.74955145921309 64.50802041713449 64.89797045112041 3.421846966200818 4.0317512760709056 4.056123153195026
2879888 8 591.993 597.0 700.951 65.73670342149451 77.18292797319934 77.83573116574013 4.108543963843407 4.823932998324959 4.864733197858758
2879888 16 1077.89 1080.99 1262.188 73.01322465433041 85.25186726981748 85.49705071946116 4.563326540895651 5.328241704363593 5.343565669966322
2879888 32 2035.856 2048.016 2390.146 77.1136290419079 89.99579690783665 90.5333343812136 4.819601815119244 5.6247373067397906 5.65833339882585
2879888 64 3953.934 3968.954 4618.883 79.80840042928129 92.87728303225485 93.23010045185377 4.988025026830081 5.804830189515928 5.826881278240861
2879888 128 7812.023 7818.937 9108.067 80.94487315475392 94.29048066252486 94.373932078797 5.05905457217212 5.8931550414078036 5.898370754924812

3743848 1 298.977 299.931 314.951 23.774161694993825 24.964728554234142 25.044388029848452 1.485885105937114 1.5602955346396339 1.5652742518655283
3743848 2 370.026 389.099 412.941 36.265209799947215 38.487356688143635 40.4711885110776 2.266575612496701 2.405459793008977 2.52944928194235
3743848 4 462.055 467.062 540.972 55.36475824996488 64.12592760704146 64.82082003224724 3.460297390622805 4.007870475440091 4.0513012520154525
3743848 8 772.953 773.907 906.944 66.04770305553596 77.4015068994078 77.49703798290453 4.127981440970998 4.837594181212988 4.843564873931533
3743848 16 1396.894 1407.862 1647.949 72.69832743610391 85.09579490035244 85.76394200275755 4.543645464756494 5.318487181272028 5.360246375172347
3743848 32 2637.148 2664.804 3100.872 77.27061033154546 89.91515773767976 90.85810580217719 4.829413145721591 5.619697358604985 5.6786316126360745
3743848 64 5114.079 5193.949 5986.929 80.04313129485918 92.2636213794167 93.70456420403362 5.002695705928699 5.766476336213544 5.856535262752101
3743848 128 10092.02 10172.844 11805.058 81.18766447399072 94.21407504135522 94.96860767220042 5.07422902962442 5.888379690084701 5.935537979512526

4867000 1 379.086 379.801 413.895 23.51804201548702 25.629211086858646 25.677550740465225 1.4698776259679387 1.6018256929286654 1.6048469212790766
4867000 2 488.043 492.096 570.059 34.150851052259505 39.56138639615034 39.88992773177773 2.134428190766219 2.4725866497593962 2.4931204832361082
4867000 4 595.093 616.074 710.964 54.7650795258269 63.20019997597691 65.42842883381253 3.422817470364181 3.9500124984985567 4.089276802113283
4867000 8 999.928 1008.987 1173.973 66.33201956092687 77.17839773951498 77.87760718771752 4.145751222557929 4.823649858719686 4.867350449232345
4867000 16 1820.803 1825.809 2130.032 73.1181503376475 85.30136503873076 85.53588718823507 4.569884396102969 5.331335314920673 5.345992949264692
4867000 32 3449.917 3450.871 4025.936 77.37033077525325 90.26358852591129 90.28854897088829 4.835645673453328 5.6414742828694555 5.643034310680518
4867000 64 6669.044 6695.032 7786.989 80.00216771848528 93.05048878033742 93.41308889250094 5.00013548240533 5.815655548771089 5.838318055781309

6327096 1 497.103 499.01 527.859 23.97267452103687 25.35859401615198 25.455875341729982 1.4982921575648043 1.5849121260094987 1.5909922088581239
6327096 2 664.949 673.056 732.899 34.53188502099198 37.60219654828127 38.06063923699412 2.1582428138119987 2.3501372842675794 2.3787899523121325
6327096 4 788.927 795.126 937.939 53.96594874506765 63.658801246594884 64.15900076939944 3.372871796566728 3.9786750779121802 4.009937548087465
6327096 8 1308.918 1327.038 1545.906 65.4849234041397 76.28533320070714 77.3413888417762 4.092807712758732 4.767833325044196 4.833836802611012
6327096 16 2346.992 2395.153 2804.995 72.18090299626203 84.53199941715624 86.26662212738688 4.511306437266377 5.283249963572265 5.39166388296168
6327096 32 4469.872 4508.972 5244.017 77.21831260272421 89.80631150515018 90.59188808986028 4.826144537670263 5.612894469071886 5.661993005616267
6327096 64 8677.959 8728.027 10165.93 79.66494831264822 92.78938848378907 93.32474237317783 4.979059269540514 5.799336780236817 5.832796398323614

8225224 1 646.114 649.929 687.838 23.916166306601262 25.311146294441393 25.460596736798767 1.4947603941625789 1.581946643402587 1.591287296049923
8225224 2 905.037 934.839 1007.08 32.669595265520115 35.19418423921124 36.3530949563388 2.041849704095007 2.1996365149507024 2.272068434771175
8225224 4 1039.982 1047.85 1276.016 51.56815588519266 62.796957579806275 63.27204893930856 3.2230097428245412 3.924809848737892 3.954503058706785
8225224 8 1704.931 1715.899 2090.931 62.940185018061335 76.69657946067922 77.18997660315871 3.9337615636288334 4.793536216292451 4.8243735376974195
8225224 16 3077.984 3080.13 3772.02 69.77883680362245 85.45326593358072 85.51284477112291 4.361177300226403 5.340829120848795 5.344552798195182
8225224 32 5844.831 5850.077 7141.829 73.7086166582818 89.98417217414402 90.06493703581849 4.606788541142612 5.624010760884001 5.6290585647386555
8225224 64 11281.967 11307.955 13864.04 75.93952931468749 93.10513457119346 93.31960215802793 4.746220582167968 5.819070910699591 5.832475134876746

10692784 1 830.889 838.995 895.023 23.893875352923892 25.489505896936215 25.738176820249155 1.4933672095577433 1.5930941185585135 1.6086360512655722
10692784 2 1224.995 1226.902 1345.873 31.779473991973983 34.86108588950055 34.91535557287989 1.986217124498374 2.1788178680937844 2.182209723304993
10692784 4 1338.959 1368.046 1690.865 50.59083486854362 62.52879800825411 63.887148150167405 3.161927179283976 3.9080498755158817 3.992946759385463
10692784 8 2209.187 2249.002 2705.097 63.245252942870444 76.07131696636998 77.44230977278066 3.9528283089294027 4.754457310398124 4.840144360798791
10692784 16 4065.99 4104.137 4959.106 68.99813958402987 83.37175099174321 84.1539423363068 4.312383724001867 5.210734436983951 5.259621396019175
10692784 32 7573.128 7701.874 9420.872 72.64064048423545 88.85346293642301 90.36400493957055 4.5400400302647155 5.553341433526438 5.647750308723159

13900616 1 1081.944 1094.103 1173.973 23.681321461396468 25.4100683390869 25.695629348653902 1.4800825913372793 1.5881292711929313 1.605976834290869
13900616 2 1765.966 1780.987 1951.933 28.485846594119774 31.220027995712485 31.48558013008178 1.780365412132486 1.9512517497320303 1.9678487581301112
13900616 4 1928.091 2042.055 2486.944 44.715493392694 54.45736182424077 57.67618229637502 2.794718337043375 3.403585114015048 3.6047613935234386
13900616 8 2991.915 3095.865 3922.939 56.69470159999939 71.84094138471801 74.33695676514874 3.543418849999962 4.4900588365448755 4.646059797821796
13900616 16 5289.793 5491.972 6917.0 64.30818447303744 80.9945338395753 84.09019256519112 4.01926152956484 5.062158364973456 5.255637035324445
13900616 32 10101.08 10519.981 13098.955 67.91682420467892 84.56663790552473 88.07369350604094 4.244801512792432 5.285414869095296 5.504605844127559

18070800 1 1391.172 1435.041 1518.011 23.808523126644012 25.1850643988569 25.979246275801987 1.4880326954152507 1.5740665249285561 1.6237028922376242
18070800 2 2285.004 2290.01 2712.965 26.643616854622156 31.564578320618686 31.633730181653956 1.6652260534138847 1.972786145038668 1.9771081363533722
18070800 4 2681.017 2827.883 3704.071 39.029057488368885 51.12177554729104 53.922224290260004 2.4393160930230553 3.19511097170569 3.3701390181412503
18070800 8 4124.88 4453.897 5860.09 49.339310488405474 64.9168132985563 70.09483912259266 3.083706905525342 4.057300831159769 4.380927445162041
18070800 16 7761.955 7924.08 10657.072 54.26120795655693 72.9757397704213 74.49999388040771 3.391325497284808 4.560983735651331 4.656249617525482
18070800 32 14373.064 14841.08 20397.902 56.69853693776939 77.92769798424375 80.46518125849855 3.543658558610587 4.870481124015234 5.029073828656159

23492040 1 1802.206 1807.213 1954.079 24.044104665164507 25.998086556482274 26.0703160460014 1.5027565415727817 1.6248804097801421 1.6293947528750874
23492040 2 3113.031 3139.019 3571.987 26.306971441945336 29.935518071091636 30.18542378794172 1.6441857151215835 1.8709698794432272 1.8865889867463574
23492040 4 3672.123 4071.951 4993.916 37.633055902422065 46.15387562374891 51.17920069670868 2.352065993901379 2.884617226484307 3.1987000435442927
23492040 8 6252.05 6644.011 8167.982 46.01780953973698 56.57315136895468 60.11990307179244 2.8761130962335613 3.5358219605596677 3.7574939419870277
23492040 16 11694.908 11946.917 15039.921 49.98332637518508 62.92378862262122 64.27970874161645 3.1239578984490675 3.932736788913826 4.017481796351028
23492040 32 21739.96 26098.967 27508.974 54.654548730170745 57.607282311211776 69.15792669351737 3.4159092956356716 3.600455144450736 4.3223704183448355

30539648 1 2372.026 2403.975 2521.038 24.227836311868362 25.4076252872846 25.749842539668624 1.5142397694917726 1.5879765804552874 1.609365158729289
30539648 2 4467.964 4520.178 9627.104 12.68902797767636 27.025172902483046 27.34099737598602 0.7930642486047725 1.6890733064051904 1.7088123359991263
30539648 4 6135.941 6490.946 7201.91 33.92394295402192 37.63968826731882 39.817394593592084 2.12024643462637 2.352480516707426 2.4885871620995053
30539648 8 9538.889 9582.043 11672.02 41.86373635411865 50.994800169441945 51.22550099912055 2.6164835221324156 3.1871750105901215 3.2015938124450343
30539648 16 15799.999 17382.86 20734.072 47.13346881403711 56.220250062417804 61.852455560282 2.9458418008773193 3.5137656289011128 3.865778472517625
30539648 32 31095.028 32007.933 39754.868 49.16473303344888 61.06415781362701 62.85691307304821 3.072795814590555 3.8165098633516883 3.928557067065513

39701536 1 3078.938 3082.991 3278.971 24.21585064338782 25.755207199761532 25.78911040105387 1.5134906652117388 1.6097004499850958 1.6118194000658668
39701536 2 5944.014 6008.863 6418.943 24.74023277664251 26.428651144151562 26.716986871161478 1.546264548540157 1.6517906965094726 1.6698116794475923
39701536 4 8074.999 8703.947 9425.879 33.69577394320466 36.49060454986686 39.33279595452582 2.105985871450291 2.2806627843666787 2.458299747157864
39701536 8 13062.954 13981.104 15408.039 41.22682815120081 45.43450760397749 48.62794250060132 2.576676759450051 2.839656725248593 3.0392464062875826
39701536 16 24222.136 24266.958 27509.928 46.181478628370094 52.353045321955896 52.449922335503366 2.886342414273131 3.2720653326222435 3.2781201459689604
39701536 32 45638.8 45972.109 51594.973 49.24701295996415 55.27043155666407 55.67408222827945 3.0779383099977595 3.4544019722915045 3.479630139267466

51611992 1 3974.915 4058.838 4262.924 24.214361785478697 25.431905387699633 25.968853170445158 1.5133976115924186 1.589494086731227 1.6230533231528224
51611992 2 7745.981 7977.962 8476.019 24.35671368834827 25.877281441049732 26.65226883463825 1.522294605521767 1.6173300900656082 1.6657668021648906
51611992 4 11120.081 11862.993 12683.153 32.554675954788216 34.80537634979638 37.13065903027145 2.0346672471742635 2.175336021862274 2.320666189391966
51611992 8 18469.81 19049.883 20742.178 39.81220641342486 43.3489209356299 44.71036096202398 2.4882629008390538 2.7093075584768687 2.7943975601264985
51611992 16 33303.976 33606.052 37155.867 44.450146836837376 49.14542606789991 49.59118827133433 2.778134177302336 3.0715891292437445 3.0994492669583957
51611992 32 67769.051 68747.044 75592.041 43.69729199400768 48.048138447960035 48.741533771809785 2.73108074962548 3.003008652997502 3.0463458607381115

67095584 1 5222.082 5230.904 5554.914 24.157199913446007 25.65353292662224 25.696871094708968 1.5098249945903754 1.60334580791389 1.6060544434193105
67095584 2 10206.938 10286.808 10990.143 24.420276970008487 26.089952879454927 26.294108575950982 1.5262673106255304 1.630622054965933 1.6433817859969364
67095584 4 14814.138 15424.013 16376.019 32.777482244005704 34.80058477647808 36.233270676970875 2.0485926402503565 2.17503654852988 2.2645794173106797
67095584 8 24676.085 25324.106 27357.101 39.241341544193595 42.39159889790384 43.50484868243889 2.4525838465120997 2.64947493111899 2.7190530426524306
67095584 16 44844.866 45462.847 49350.023 43.506741384902696 47.22666594109251 47.87746913994569 2.7191713365564185 2.951666621318282 2.9923418212466055
67095584 32 84887.981 84953.07 93297.958 46.02584523875646 50.54693580820563 50.58569335039315 2.8766153274222788 3.159183488012852 3.161605834399572

87224256 1 6762.981 6809.95 7260.084 24.028442646118144 25.616709667471863 25.79461808335703 1.501777665382384 1.6010443542169914 1.6121636302098143
87224256 2 13401.985 13593.912 14505.863 24.05213836639709 25.665682108284944 26.033234927512602 1.5032586478998182 1.604105131767809 1.6270771829695376
87224256 4 20022.869 20342.827 21598.816 32.307050905012574 34.301724534156435 34.84985333520386 2.019190681563286 2.143857783384777 2.1781158334502413
87224256 8 33462.048 33515.93 36190.033 38.56277489440255 41.63954561308608 41.70659536439611 2.4101734309001595 2.60247160081788 2.6066622102747568
87224256 16 64265.966 64589.024 69507.122 40.1566934680449 43.21440423066309 43.43163832626433 2.509793341752806 2.7009002644164433 2.7144773953915204
87224256 32 112907.887 113141.06 120990.038 46.13894231523425 49.33975679563193 49.44165135248701 2.883683894702141 3.0837347997269955 3.090103209530438

113391528 1 8823.872 8914.948 9416.103 24.084598055055263 25.438516971719856 25.701081792664265 1.505287378440954 1.589907310732491 1.6063176120415166
113391528 2 17529.964 17560.959 18977.88 23.89972494293356 25.828094695739573 25.873761748740616 1.4937328089333475 1.6142559184837233 1.6171101092962885
113391528 4 26010.99 26413.918 28182.983 32.187232416100166 34.342963584576886 34.87495954594577 2.0117020260062604 2.1464352240360554 2.1796849716216107
113391528 8 43519.974 43552.876 46802.998 38.76385115329578 41.656593424507726 41.68808667027237 2.4227406970809864 2.603537089031733 2.605505416892023
113391528 16 78125.0 78145.981 83179.951 43.62263805613446 46.43270005145882 46.4451698688 2.726414878508404 2.9020437532161765 2.9028231168
113391528 32 151578.903 151964.903 162808.895 44.57408664311616 47.75482791575895 47.8764369471654 2.78588041519476 2.9846767447349345 2.9922773091978376

147408984 1 11358.976 11462.927 12207.031 24.151488433182482 25.7192572193821 25.954625487367874 1.5094680270739051 1.6074535762113813 1.6221640929604921
147408984 2 22844.791 22944.927 24348.021 24.216996362866613 25.697878053828628 25.810520043715872 1.5135622726791633 1.6061173783642892 1.613157502732242
147408984 4 34235.954 34266.949 36391.973 32.40472485512121 34.414265244332086 34.44542167570385 2.0252953034450756 2.1508915777707553 2.1528388547314905
147408984 8 56677.103 56877.851 60439.825 39.02300749547174 41.46682236640762 41.61369616933314 2.4389379684669836 2.591676397900476 2.600856010583321
147408984 16 101747.036 102185.011 108399.153 43.51590725067749 46.16222518193006 46.360932695867426 2.7197442031673433 2.885139073870629 2.897558293491714
147408984 32 196889.877 199782.848 210345.984 44.850749211356465 47.22214679810752 47.915998119090695 2.803171825709779 2.95138417488172 2.9947498824431684

191631672 1 14698.982 14879.942 15822.172 24.223181494930028 25.757045558376507 26.07414200520825 1.5139488434331267 1.6098153473985317 1.6296338753255157
191631672 2 29230.118 29742.002 31656.981 24.213511958073322 25.772531654056106 26.223865671702043 1.5133444973795827 1.6107832283785066 1.6389916044813777
191631672 4 43578.863 44585.943 47249.794 32.44571555169108 34.38423128114617 35.17882914935161 2.0278572219806925 2.1490144550716357 2.1986768218344754
191631672 8 72939.873 74052.095 78224.182 39.19640542869467 41.40472665898244 42.036085694857185 2.4497753392934167 2.5877954161864025 2.627255355928574
191631672 16 132712.126 133043.051 145759.821 42.070671203692 46.0919488684907 46.206881683140246 2.62941695023075 2.8807468042806685 2.8879301051962654
191631672 32 254560.947 254875.898 266085.148 46.09211412280704 48.11921058145718 48.178745218134345 2.88075713267544 3.007450661341074 3.0111715761333966

249121168 1 19109.964 19398.212 20610.094 24.17467557401727 25.684961892364104 26.07238485640266 1.5109172233760795 1.6053101182727565 1.6295240535251663
249121168 2 38086.891 38704.157 45866.966 21.725541471393594 25.746192379283706 26.163455347405485 1.3578463419620996 1.6091370237052316 1.6352159592128428
249121168 4 56894.064 58055.878 61317.921 32.5022328137968 34.3284678943276 35.02947766220392 2.0313895508623 2.145529243395475 2.189342353887745
249121168 8 100144.148 100656.033 102095.127 39.0414195576641 39.59960043328948 39.80201307419381 2.440088722354006 2.4749750270805926 2.487625817137113
249121168 16 172198.057 172596.931 183712.959 43.39311401543535 46.187828079052 46.294816067523925 2.7120696259647095 2.88673925494075 2.8934260042202453
249121168 32 330142.021 330396.891 350466.967 45.49288878343847 48.256370402710594 48.29362437325117 2.843305548964904 3.016023150169412 3.018351523328198

323857512 1 25073.051 25237.083 26937.008 24.04554447917898 25.66520956482966 25.83311556300029 1.5028465299486862 1.6040755978018537 1.6145697226875182
323857512 2 50360.203 50393.105 53637.981 24.151357374916852 25.706493934041177 25.723288843772135 1.5094598359323033 1.6066558708775736 1.6077055527357584
323857512 4 75255.871 75394.869 86128.95 30.081175911235423 34.36387821033286 34.42734847889808 1.880073494452214 2.1477423881458035 2.15170927993113
323857512 8 124977.112 125092.983 134829.044 38.43178026241884 41.422948495840096 41.46135327563019 2.4019862664011775 2.588934280990006 2.5913345797268867
323857512 16 227940.083 229047.06 239543.915 43.26321703475541 45.24590005215522 45.46563398417294 2.703951064672213 2.8278687532597013 2.8416021240108087
323857512 32 427133.799 428753.138 456359.863 45.417843347893196 48.34222523637833 48.52549907435446 2.8386152092433248 3.021389077273646 3.0328436921471535

421014760 1 32587.051 32804.012 39662.123 21.23006678185129 25.668492012501396 25.839390008012693 1.3268791738657055 1.6042807507813373 1.6149618755007933
421014760 2 65392.971 65495.014 70374.012 23.930126933789136 25.712782350119046 25.752906073039565 1.495632933361821 1.6070488968824403 1.6095566295649728
421014760 4 97574.949 97584.009 105415.106 31.951000267456926 34.51506158145234 34.51826636363397 1.996937516716058 2.1571913488407715 2.157391647727123
421014760 8 167067.051 167172.909 173414.946 38.844611236680834 40.295022682173936 40.320554649641835 2.427788202292552 2.518438917635871 2.5200346656026147
421014760 16 291985.989 292154.074 315576.077 42.691678178127546 46.114271608617024 46.14081780478857 2.6682298861329716 2.882141975538564 2.8838011127992855
421014760 32 559823.99 560534.954 591386.08 45.56235858645845 48.07005245207242 48.13110034816479 2.847647411653653 3.004378278254526 3.0081937717602996

META_DATA
FLOPS          1
ERT_VERSION  1.1.0
HOSTNAME  ('dev-amd24.i', ['dev-amd24'], ['192.168.17.192'])
UNAME  uname_result(system='Linux', node='dev-amd24', release='5.15.0-126-generic', version='#136-Ubuntu SMP Wed Nov 6 10:38:22 UTC 2024', machine='x86_64')
TIMESTAMP_DATA  1759347905.25955
CONFIG  {'ERT_RESULTS': ['Results.EPYC9654.01'], 'ERT_DRIVER': ['driver1'], 'ERT_KERNEL': ['kernel1'], 'ERT_HIP': ['False'], 'ERT_GPU': ['False'], 'ERT_GPU_CFLAGS': ['-O3', '-gencode', 'arch=compute_70,code=sm_70'], 'ERT_GPU_LDFLAGS': [], 'ERT_FLOPS': ['1,2,4'], 'ERT_ALIGN': ['64'], 'ERT_CC': ['g++'], 'ERT_CFLAGS': ['-O3', '-march=native', '-fopenmp'], 'ERT_LD': ['g++'], 'ERT_LDFLAGS': ['-fopenmp'], 'ERT_LDLIBS': [], 'ERT_RUN': ['srun', '-n', '1', './ERT_CODE'], 'ERT_PRECISION': ['FP64'], 'ERT_BLOCKS_THREADS': ['16384'], 'ERT_GPU_BLOCKS': ['8192,4096,2048,1024'], 'ERT_GPU_THREADS': ['32,64,128,256'], 'ERT_NUM_EXPERIMENTS': ['3'], 'ERT_WSS_MULT': ['1.3'], 'ERT_MEMORY_MAX': ['536870912'], 'ERT_WORKING_SET_MIN': ['512'], 'ERT_TRIALS_MIN': ['32'], 'ERT_GNUPLOT': ['gnuplot'], 'ERT_MPI': [False], 'ERT_OPENMP': [False], 'ERT_OCL': [False], 'ERT_SYCL': [False]}
TIMESTAMP_DATA  1759347931.5418334
TIMESTAMP_DATA  1759347947.96439
