srun: job 62475586 queued and waiting for resources
srun: job 62475586 has been allocated resources
fp64
        4096            1           0.000         8192          512
        4096            2           0.000        16384         1024
        4096            4           0.000        32768         2048
        4096            8           0.954        65536         4096
        4096           16           1.192       131072         8192
        4096           32           0.954       262144        16384
        4096           64           2.146       524288        32768
        4096          128           3.815      1048576        65536
        4096          256           8.821      2097152       131072
        4096          512          16.928      4194304       262144
        4096         1024          34.094      8388608       524288
        4096         2048          67.949     16777216      1048576
        4096         4096         134.945     33554432      2097152
        4096         8192         271.082     67108864      4194304
        4096        16384         542.164    134217728      8388608
        4096        32768        1091.003    268435456     16777216
        4096        65536        2161.980    536870912     33554432
        4096       131072        4395.962   1073741824     67108864
        5320            1           0.954        10640          665
        5320            2           0.000        21280         1330
        5320            4           0.000        42560         2660
        5320            8           0.000        85120         5320
        5320           16           0.954       170240        10640
        5320           32           1.907       340480        21280
        5320           64           4.053       680960        42560
        5320          128          16.928      1361920        85120
        5320          256          11.206      2723840       170240
        5320          512          21.935      5447680       340480
        5320         1024          44.107     10895360       680960
        5320         2048          88.930     21790720      1361920
        5320         4096         176.907     43581440      2723840
        5320         8192         354.052     87162880      5447680
        5320        16384         708.103    174325760     10895360
        5320        32768        1416.922    348651520     21790720
        5320        65536        2847.910    697303040     43581440
        6912            1           0.954        13824          864
        6912            2           0.000        27648         1728
        6912            4           0.000        55296         3456
        6912            8           1.192       110592         6912
        6912           16           1.907       221184        13824
        6912           32           3.099       442368        27648
        6912           64           5.007       884736        55296
        6912          128          17.881      1769472       110592
        6912          256          13.828      3538944       221184
        6912          512          27.895      7077888       442368
        6912         1024          55.075     14155776       884736
        6912         2048         111.103     28311552      1769472
        6912         4096         221.014     56623104      3538944
        6912         8192         441.074    113246208      7077888
        6912        16384         882.864    226492416     14155776
        6912        32768        1772.881    452984832     28311552
        6912        65536        3528.118    905969664     56623104
        8984            1           1.192        17968         1123
        8984            2           0.954        35936         2246
        8984            4           0.000        71872         4492
        8984            8           0.954       143744         8984
        8984           16           1.907       287488        17968
        8984           32           3.099       574976        35936
        8984           64           6.914      1149952        71872
        8984          128          20.027      2299904       143744
        8984          256          19.073      4599808       287488
        8984          512          37.909      9199616       574976
        8984         1024          75.102     18399232      1149952
        8984         2048         149.965     36798464      2299904
        8984         4096         298.023     73596928      4599808
        8984         8192         595.808    147193856      9199616
        8984        16384        1198.053    294387712     18399232
        8984        32768        2384.901    588775424     36798464
       11672            1           1.192        23344         1459
       11672            2           0.954        46688         2918
       11672            4           0.000        93376         5836
       11672            8           0.954       186752        11672
       11672           16           2.146       373504        23344
       11672           32           5.007       747008        46688
       11672           64          16.928      1494016        93376
       11672          128          11.921      2988032       186752
       11672          256          23.842      5976064       373504
       11672          512          47.207     11952128       747008
       11672         1024          93.937     23904256      1494016
       11672         2048         187.159     47808512      2988032
       11672         4096         374.079     95617024      5976064
       11672         8192         747.919    191234048     11952128
       11672        16384        1494.169    382468096     23904256
       11672        32768        2998.114    764936192     47808512
       15168            1           1.907        30336         1896
       15168            2           0.000        60672         3792
       15168            4           1.192       121344         7584
       15168            8           1.907       242688        15168
       15168           16           3.099       485376        30336
       15168           32           5.007       970752        60672
       15168           64          18.835      1941504       121344
       15168          128          15.020      3883008       242688
       15168          256          30.994      7766016       485376
       15168          512          61.989     15532032       970752
       15168         1024         122.070     31064064      1941504
       15168         2048         244.141     62128128      3883008
       15168         4096         488.997    124256256      7766016
       15168         8192         977.039    248512512     15532032
       15168        16384        1965.046    497025024     31064064
       15168        32768        3909.111    994050048     62128128
       19712            1           1.907        39424         2464
       19712            2           0.000        78848         4928
       19712            4           0.954       157696         9856
       19712            8           1.907       315392        19712
       19712           16           4.053       630784        39424
       19712           32          16.212      1261568        78848
       19712           64          15.020      2523136       157696
       19712          128          20.981      5046272       315392
       19712          256          40.054     10092544       630784
       19712          512          80.109     20185088      1261568
       19712         1024         159.025     40370176      2523136
       19712         2048         317.097     80740352      5046272
       19712         4096         634.909    161480704     10092544
       19712         8192        1281.023    322961408     20185088
       19712        16384        2542.973    645922816     40370176
       25624            1           3.099        51248         3203
       25624            2           1.192       102496         6406
       25624            4           0.954       204992        12812
       25624            8           2.146       409984        25624
       25624           16           5.007       819968        51248
       25624           32          17.881      1639936       102496
       25624           64          14.067      3279872       204992
       25624          128          26.941      6559744       409984
       25624          256          52.929     13119488       819968
       25624          512         106.096     26238976      1639936
       25624         1024         232.935     52477952      3279872
       25624         2048         438.929    104955904      6559744
       25624         4096         867.128    209911808     13119488
       25624         8192        1685.858    419823616     26238976
       25624        16384        3360.987    839647232     52477952
       33304            1           4.053        66608         4163
       33304            2           0.954       133216         8326
       33304            4           2.146       266432        16652
       33304            8           3.099       532864        33304
       33304           16           5.960      1065728        66608
       33304           32          20.981      2131456       133216
       33304           64          19.073      4262912       266432
       33304          128          36.001      8525824       532864
       33304          256          73.195     17051648      1065728
       33304          512         143.051     34103296      2131456
       33304         1024         286.818     68206592      4262912
       33304         2048         571.966    136413184      8525824
       33304         4096        1142.979    272826368     17051648
       33304         8192        2295.017    545652736     34103296
       43288            1           5.007        86576         5411
       43288            2           1.907       173152        10822
       43288            4           4.053       346304        21644
       43288            8           5.960       692608        43288
       43288           16          20.027      1385216        86576
       43288           32          19.073      2770432       173152
       43288           64          36.001      5540864       346304
       43288          128          71.049     11081728       692608
       43288          256         139.952     22163456      1385216
       43288          512         278.950     44326912      2770432
       43288         1024         553.846     88653824      5540864
       43288         2048        1108.170    177307648     11081728
       43288         4096        2208.948    354615296     22163456
       43288         8192        4339.933    709230592     44326912
       56272            1           5.007       112544         7034
       56272            2           2.861       225088        14068
       56272            4           4.053       450176        28136
       56272            8          16.928       900352        56272
       56272           16          12.875      1800704       112544
       56272           32          24.080      3601408       225088
       56272           64          46.968      7202816       450176
       56272          128          91.791     14405632       900352
       56272          256         205.994     28811264      1800704
       56272          512         380.039     57622528      3601408
       56272         1024         753.880    115245056      7202816
       56272         2048        1504.898    230490112     14405632
       56272         4096        2974.033    460980224     28811264
       56272         8192        5892.038    921960448     57622528
       73152            1           5.960       146304         9144
       73152            2           4.053       292608        18288
       73152            4           5.007       585216        36576
       73152            8          18.835      1170432        73152
       73152           16          16.928      2340864       146304
       73152           32          30.994      4681728       292608
       73152           64          59.843      9363456       585216
       73152          128         119.209     18726912      1170432
       73152          256         234.842     37453824      2340864
       73152          512         458.956     74907648      4681728
       73152         1024         915.051    149815296      9363456
       73152         2048        1908.064    299630592     18726912
       73152         4096        3735.065    599261184     37453824
       95096            1           7.868       190192        11887
       95096            2           4.053       380384        23774
       95096            4          16.928       760768        47548
       95096            8          12.875      1521536        95096
       95096           16          22.173      3043072       190192
       95096           32          41.962      6086144       380384
       95096           64          82.016     12172288       760768
       95096          128         159.025     24344576      1521536
       95096          256         316.858     48689152      3043072
       95096          512         622.988     97378304      6086144
       95096         1024        1203.775    194756608     12172288
       95096         2048        2480.984    389513216     24344576
       95096         4096        4853.010    779026432     48689152
      123624            1          10.014       247248        15453
      123624            2           5.007       494496        30906
      123624            4          19.789       988992        61812
      123624            8          15.020      1977984       123624
      123624           16          27.895      3955968       247248
      123624           32          52.214      7911936       494496
      123624           64         100.851     15823872       988992
      123624          128         198.841     31647744      1977984
      123624          256         393.152     63295488      3955968
      123624          512         782.013    126590976      7911936
      123624         1024        1599.073    253181952     15823872
      123624         2048        3139.973    506363904     31647744
      123624         4096        6349.802   1012727808     63295488
      160704            1          16.928       321408        20088
      160704            2          16.928       642816        40176
      160704            4          12.159      1285632        80352
      160704            8          20.027      2571264       160704
      160704           16          36.001      5142528       321408
      160704           32          67.949     10285056       642816
      160704           64         131.130     20570112      1285632
      160704          128         257.015     41140224      2571264
      160704          256         509.977     82280448      5142528
      160704          512        1016.140    164560896     10285056
      160704         1024        2032.042    329121792     20570112
      160704         2048        4029.989    658243584     41140224
      208912            1          16.928       417824        26114
      208912            2          20.027       835648        52228
      208912            4          15.020      1671296       104456
      208912            8          25.988      3342592       208912
      208912           16          46.015      6685184       417824
      208912           32          87.976     13370368       835648
      208912           64         169.992     26740736      1671296
      208912          128         334.024     53481472      3342592
      208912          256         662.088    106962944      6685184
      208912          512        1325.130    213925888     13370368
      208912         1024        2618.074    427851776     26740736
      208912         2048        5244.017    855703552     53481472
      271584            1          22.888       543168        33948
      271584            2          13.828      1086336        67896
      271584            4          21.219      2172672       135792
      271584            8          32.902      4345344       271584
      271584           16          61.035      8690688       543168
      271584           32         113.010     17381376      1086336
      271584           64         219.822     34762752      2172672
      271584          128         432.014     69525504      4345344
      271584          256         863.075    139051008      8690688
      271584          512        1707.077    278102016     17381376
      271584         1024        3414.869    556204032     34762752
      353056            1          38.147       706112        44132
      353056            2          18.120      1412224        88264
      353056            4          26.941      2824448       176528
      353056            8          43.869      5648896       353056
      353056           16          77.963     11297792       706112
      353056           32         148.058     22595584      1412224
      353056           64         287.056     45191168      2824448
      353056          128         576.019     90382336      5648896
      353056          256        1115.084    180764672     11297792
      353056          512        2224.922    361529344     22595584
      353056         1024        4462.957    723058688     45191168
      458968            1          46.015       917936        57371
      458968            2          22.888      1835872       114742
      458968            4          34.094      3671744       229484
      458968            8          56.982      7343488       458968
      458968           16         100.851     14686976       917936
      458968           32         193.119     29373952      1835872
      458968           64         373.125     58747904      3671744
      458968          128         735.044    117495808      7343488
      458968          256        1465.082    234991616     14686976
      458968          512        2894.878    469983232     29373952
      458968         1024        5795.002    939966464     58747904
      596656            1          59.843      1193312        74582
      596656            2          30.041      2386624       149164
      596656            4          45.061      4773248       298328
      596656            8          73.910      9546496       596656
      596656           16         133.038     19092992      1193312
      596656           32         251.055     38185984      2386624
      596656           64         496.864     76371968      4773248
      596656          128         947.952    152743936      9546496
      596656          256        1886.129    305487872     19092992
      596656          512        3767.014    610975744     38185984
      775648            1          75.817      1551296        96956
      775648            2          44.107      3102592       193912
      775648            4          61.989      6205184       387824
      775648            8         101.089     12410368       775648
      775648           16         181.913     24820736      1551296
      775648           32         341.177     49641472      3102592
      775648           64         662.088     99282944      6205184
      775648          128        1306.057    198565888     12410368
      775648          256        2598.047    397131776     24820736
      775648          512        5155.087    794263552     49641472
     1008336            1          92.983      2016672       126042
     1008336            2          69.141      4033344       252084
     1008336            4          91.076      8066688       504168
     1008336            8         150.919     16133376      1008336
     1008336           16         268.936     32266752      2016672
     1008336           32         508.070     64533504      4033344
     1008336           64         986.099    129067008      8066688
     1008336          128        1956.940    258134016     16133376
     1008336          256        3844.023    516268032     32266752
     1008336          512        7640.123   1032536064     64533504
     1310832            1         117.779      2621664       163854
     1310832            2         114.202      5243328       327708
     1310832            4         154.972     10486656       655416
     1310832            8         252.008     20973312      1310832
     1310832           16         463.963     41946624      2621664
     1310832           32         866.890     83893248      5243328
     1310832           64        1676.083    167786496     10486656
     1310832          128        3289.223    335572992     20973312
     1310832          256        6490.946    671145984     41946624
     1704080            1         150.204      3408160       213010
     1704080            2         169.039      6816320       426020
     1704080            4         228.882     13632640       852040
     1704080            8         383.854     27265280      1704080
     1704080           16         695.944     54530560      3408160
     1704080           32        1335.144    109061120      6816320
     1704080           64        2576.113    218122240     13632640
     1704080          128        5057.812    436244480     27265280
     1704080          256       10042.906    872488960     54530560
     2215304            1         192.165      4430608       276913
     2215304            2         241.995      8861216       553826
     2215304            4         317.097     17722432      1107652
     2215304            8         531.912     35444864      2215304
     2215304           16         954.866     70889728      4430608
     2215304           32        1809.835    141779456      8861216
     2215304           64        3528.833    283558912     17722432
     2215304          128        6948.948    567117824     35444864
     2879888            1         247.002      5759776       359986
     2879888            2         311.852     11519552       719972
     2879888            4         420.809     23039104      1439944
     2879888            8         700.951     46078208      2879888
     2879888           16        1262.188     92156416      5759776
     2879888           32        2390.146    184312832     11519552
     2879888           64        4618.883    368625664     23039104
     2879888          128        9108.067    737251328     46078208
     3743848            1         314.951      7487696       467981
     3743848            2         412.941     14975392       935962
     3743848            4         540.972     29950784      1871924
     3743848            8         906.944     59901568      3743848
     3743848           16        1647.949    119803136      7487696
     3743848           32        3100.872    239606272     14975392
     3743848           64        5986.929    479212544     29950784
     3743848          128       11805.058    958425088     59901568
     4867000            1         413.895      9734000       608375
     4867000            2         570.059     19468000      1216750
     4867000            4         710.964     38936000      2433500
     4867000            8        1173.973     77872000      4867000
     4867000           16        2130.032    155744000      9734000
     4867000           32        4025.936    311488000     19468000
     4867000           64        7786.989    622976000     38936000
     6327096            1         527.859     12654192       790887
     6327096            2         732.899     25308384      1581774
     6327096            4         937.939     50616768      3163548
     6327096            8        1545.906    101233536      6327096
     6327096           16        2804.995    202467072     12654192
     6327096           32        5244.017    404934144     25308384
     6327096           64       10165.930    809868288     50616768
     8225224            1         687.838     16450448      1028153
     8225224            2        1007.080     32900896      2056306
     8225224            4        1276.016     65801792      4112612
     8225224            8        2090.931    131603584      8225224
     8225224           16        3772.020    263207168     16450448
     8225224           32        7141.829    526414336     32900896
     8225224           64       13864.040   1052828672     65801792
    10692784            1         895.023     21385568      1336598
    10692784            2        1345.873     42771136      2673196
    10692784            4        1690.865     85542272      5346392
    10692784            8        2705.097    171084544     10692784
    10692784           16        4959.106    342169088     21385568
    10692784           32        9420.872    684338176     42771136
    13900616            1        1173.973     27801232      1737577
    13900616            2        1951.933     55602464      3475154
    13900616            4        2486.944    111204928      6950308
    13900616            8        3922.939    222409856     13900616
    13900616           16        6917.000    444819712     27801232
    13900616           32       13098.955    889639424     55602464
    18070800            1        1518.011     36141600      2258850
    18070800            2        2712.965     72283200      4517700
    18070800            4        3704.071    144566400      9035400
    18070800            8        5860.090    289132800     18070800
    18070800           16       10657.072    578265600     36141600
    18070800           32       20397.902   1156531200     72283200
    23492040            1        1954.079     46984080      2936505
    23492040            2        3571.987     93968160      5873010
    23492040            4        4993.916    187936320     11746020
    23492040            8        8167.982    375872640     23492040
    23492040           16       15039.921    751745280     46984080
    23492040           32       27508.974   1503490560     93968160
    30539648            1        2521.038     61079296      3817456
    30539648            2        9627.104    122158592      7634912
    30539648            4        7201.910    244317184     15269824
    30539648            8       11672.020    488634368     30539648
    30539648           16       20734.072    977268736     61079296
    30539648           32       39754.868   1954537472    122158592
    39701536            1        3278.971     79403072      4962692
    39701536            2        6418.943    158806144      9925384
    39701536            4        9425.879    317612288     19850768
    39701536            8       15408.039    635224576     39701536
    39701536           16       27509.928   1270449152     79403072
    39701536           32       51594.973   2540898304    158806144
    51611992            1        4262.924    103223984      6451499
    51611992            2        8476.019    206447968     12902998
    51611992            4       12683.153    412895936     25805996
    51611992            8       20742.178    825791872     51611992
    51611992           16       37155.867   1651583744    103223984
    51611992           32       75592.041   3303167488    206447968
    67095584            1        5554.914    134191168      8386948
    67095584            2       10990.143    268382336     16773896
    67095584            4       16376.019    536764672     33547792
    67095584            8       27357.101   1073529344     67095584
    67095584           16       49350.023   2147058688    134191168
    67095584           32       93297.958   4294117376    268382336
    87224256            1        7260.084    174448512     10903032
    87224256            2       14505.863    348897024     21806064
    87224256            4       21598.816    697794048     43612128
    87224256            8       36190.033   1395588096     87224256
    87224256           16       69507.122   2791176192    174448512
    87224256           32      120990.038   5582352384    348897024
   113391528            1        9416.103    226783056     14173941
   113391528            2       18977.880    453566112     28347882
   113391528            4       28182.983    907132224     56695764
   113391528            8       46802.998   1814264448    113391528
   113391528           16       83179.951   3628528896    226783056
   113391528           32      162808.895   7257057792    453566112
   147408984            1       12207.031    294817968     18426123
   147408984            2       24348.021    589635936     36852246
   147408984            4       36391.973   1179271872     73704492
   147408984            8       60439.825   2358543744    147408984
   147408984           16      108399.153   4717087488    294817968
   147408984           32      210345.984   9434174976    589635936
   191631672            1       15822.172    383263344     23953959
   191631672            2       31656.981    766526688     47907918
   191631672            4       47249.794   1533053376     95815836
   191631672            8       78224.182   3066106752    191631672
   191631672           16      145759.821   6132213504    383263344
   191631672           32      266085.148  12264427008    766526688
   249121168            1       20610.094    498242336     31140146
   249121168            2       45866.966    996484672     62280292
   249121168            4       61317.921   1992969344    124560584
   249121168            8      102095.127   3985938688    249121168
   249121168           16      183712.959   7971877376    498242336
   249121168           32      350466.967  15943754752    996484672
   323857512            1       26937.008    647715024     40482189
   323857512            2       53637.981   1295430048     80964378
   323857512            4       86128.950   2590860096    161928756
   323857512            8      134829.044   5181720192    323857512
   323857512           16      239543.915  10363440384    647715024
   323857512           32      456359.863  20726880768   1295430048
   421014760            1       39662.123    842029520     52626845
   421014760            2       70374.012   1684059040    105253690
   421014760            4      105415.106   3368118080    210507380
   421014760            8      173414.946   6736236160    421014760
   421014760           16      315576.077  13472472320    842029520
   421014760           32      591386.080  26944944640   1684059040

META_DATA
FLOPS          1
ERT_VERSION  1.1.0
HOSTNAME  ('dev-amd24.i', ['dev-amd24'], ['192.168.17.192'])
UNAME  uname_result(system='Linux', node='dev-amd24', release='5.15.0-126-generic', version='#136-Ubuntu SMP Wed Nov 6 10:38:22 UTC 2024', machine='x86_64')
TIMESTAMP_DATA  1759347947.96439
CONFIG  {'ERT_RESULTS': ['Results.EPYC9654.01'], 'ERT_DRIVER': ['driver1'], 'ERT_KERNEL': ['kernel1'], 'ERT_HIP': ['False'], 'ERT_GPU': ['False'], 'ERT_GPU_CFLAGS': ['-O3', '-gencode', 'arch=compute_70,code=sm_70'], 'ERT_GPU_LDFLAGS': [], 'ERT_FLOPS': ['1,2,4'], 'ERT_ALIGN': ['64'], 'ERT_CC': ['g++'], 'ERT_CFLAGS': ['-O3', '-march=native', '-fopenmp'], 'ERT_LD': ['g++'], 'ERT_LDFLAGS': ['-fopenmp'], 'ERT_LDLIBS': [], 'ERT_RUN': ['srun', '-n', '1', './ERT_CODE'], 'ERT_PRECISION': ['FP64'], 'ERT_BLOCKS_THREADS': ['16384'], 'ERT_GPU_BLOCKS': ['8192,4096,2048,1024'], 'ERT_GPU_THREADS': ['32,64,128,256'], 'ERT_NUM_EXPERIMENTS': ['3'], 'ERT_WSS_MULT': ['1.3'], 'ERT_MEMORY_MAX': ['536870912'], 'ERT_WORKING_SET_MIN': ['512'], 'ERT_TRIALS_MIN': ['32'], 'ERT_GNUPLOT': ['gnuplot'], 'ERT_MPI': [False], 'ERT_OPENMP': [False], 'ERT_OCL': [False], 'ERT_SYCL': [False]}
