srun: job 62475584 queued and waiting for resources
srun: job 62475584 has been allocated resources
fp64
        4096            1           0.954         8192          512
        4096            2           0.000        16384         1024
        4096            4           0.954        32768         2048
        4096            8          10.014        65536         4096
        4096           16           0.954       131072         8192
        4096           32           0.000       262144        16384
        4096           64           1.907       524288        32768
        4096          128           4.053      1048576        65536
        4096          256           6.914      2097152       131072
        4096          512          13.113      4194304       262144
        4096         1024          25.034      8388608       524288
        4096         2048          50.068     16777216      1048576
        4096         4096         100.851     33554432      2097152
        4096         8192         200.987     67108864      4194304
        4096        16384         401.020    134217728      8388608
        4096        32768         802.994    268435456     16777216
        4096        65536        1611.948    536870912     33554432
        4096       131072        3209.829   1073741824     67108864
        5320            1           1.907        10640          665
        5320            2           0.000        21280         1330
        5320            4           0.954        42560         2660
        5320            8           0.000        85120         5320
        5320           16           1.192       170240        10640
        5320           32           1.907       340480        21280
        5320           64           3.099       680960        42560
        5320          128          15.020      1361920        85120
        5320          256           9.060      2723840       170240
        5320          512          16.928      5447680       340480
        5320         1024          33.140     10895360       680960
        5320         2048          64.850     21790720      1361920
        5320         4096         130.892     43581440      2723840
        5320         8192         320.196     87162880      5447680
        5320        16384         635.862    174325760     10895360
        5320        32768        1093.149    348651520     21790720
        5320        65536        2094.984    697303040     43581440
        6912            1           0.954        13824          864
        6912            2           0.000        27648         1728
        6912            4           0.000        55296         3456
        6912            8           1.192       110592         6912
        6912           16           0.954       221184        13824
        6912           32           1.907       442368        27648
        6912           64           4.053       884736        55296
        6912          128          15.020      1769472       110592
        6912          256           9.775      3538944       221184
        6912          512          20.981      7077888       442368
        6912         1024          41.008     14155776       884736
        6912         2048          82.016     28311552      1769472
        6912         4096         164.032     56623104      3538944
        6912         8192         327.110    113246208      7077888
        6912        16384         655.890    226492416     14155776
        6912        32768        1317.024    452984832     28311552
        6912        65536        2620.935    905969664     56623104
        8984            1           0.954        17968         1123
        8984            2           0.000        35936         2246
        8984            4           0.000        71872         4492
        8984            8           0.954       143744         8984
        8984           16           1.192       287488        17968
        8984           32           2.861       574976        35936
        8984           64           6.199      1149952        71872
        8984          128          16.928      2299904       143744
        8984          256          14.067      4599808       287488
        8984          512          26.941      9199616       574976
        8984         1024          56.028     18399232      1149952
        8984         2048         111.103     36798464      2299904
        8984         4096         221.014     73596928      4599808
        8984         8192         442.028    147193856      9199616
        8984        16384         890.970    294387712     18399232
        8984        32768        1769.066    588775424     36798464
       11672            1           1.907        23344         1459
       11672            2           0.000        46688         2918
       11672            4           0.000        93376         5836
       11672            8           0.954       186752        11672
       11672           16           0.954       373504        23344
       11672           32           2.861       747008        46688
       11672           64          16.212      1494016        93376
       11672          128          15.020      2988032       186752
       11672          256          16.928      5976064       373504
       11672          512          35.048     11952128       747008
       11672         1024          69.141     23904256      1494016
       11672         2048         138.998     47808512      2988032
       11672         4096         277.042     95617024      5976064
       11672         8192         554.085    191234048     11952128
       11672        16384        1107.931    382468096     23904256
       11672        32768        2240.181    764936192     47808512
       15168            1           1.192        30336         1896
       15168            2           0.000        60672         3792
       15168            4           1.192       121344         7584
       15168            8           0.954       242688        15168
       15168           16           1.907       485376        30336
       15168           32           5.007       970752        60672
       15168           64          18.120      1941504       121344
       15168          128          11.921      3883008       242688
       15168          256          22.888      7766016       485376
       15168          512          46.015     15532032       970752
       15168         1024          91.076     31064064      1941504
       15168         2048         181.913     62128128      3883008
       15168         4096         361.919    124256256      7766016
       15168         8192         724.077    248512512     15532032
       15168        16384        1446.962    497025024     31064064
       15168        32768        2902.031    994050048     62128128
       19712            1           1.907        39424         2464
       19712            2           0.954        78848         4928
       19712            4           0.954       157696         9856
       19712            8           0.954       315392        19712
       19712           16           2.861       630784        39424
       19712           32           5.960      1261568        78848
       19712           64           8.106      2523136       157696
       19712          128          15.020      5046272       315392
       19712          256          30.041     10092544       630784
       19712          512          59.128     20185088      1261568
       19712         1024         118.017     40370176      2523136
       19712         2048         236.034     80740352      5046272
       19712         4096         470.877    161480704     10092544
       19712         8192         941.992    322961408     20185088
       19712        16384        1891.851    645922816     40370176
       25624            1           2.861        51248         3203
       25624            2           0.954       102496         6406
       25624            4           1.907       204992        12812
       25624            8           2.146       409984        25624
       25624           16           4.053       819968        51248
       25624           32          15.974      1639936       102496
       25624           64          10.014      3279872       204992
       25624          128          20.027      6559744       409984
       25624          256          39.101     13119488       819968
       25624          512          77.963     26238976      1639936
       25624         1024         156.164     52477952      3279872
       25624         2048         318.050    104955904      6559744
       25624         4096         622.988    209911808     13119488
       25624         8192        1245.975    419823616     26238976
       25624        16384        2496.958    839647232     52477952
       33304            1           2.861        66608         4163
       33304            2           0.954       133216         8326
       33304            4           2.146       266432        16652
       33304            8           2.861       532864        33304
       33304           16           6.199      1065728        66608
       33304           32           8.106      2131456       133216
       33304           64          13.113      4262912       266432
       33304          128          26.941      8525824       532864
       33304          256          53.167     17051648      1065728
       33304          512         104.904     34103296      2131456
       33304         1024         211.000     68206592      4262912
       33304         2048         429.869    136413184      8525824
       33304         4096         869.036    272826368     17051648
       33304         8192        1736.164    545652736     34103296
       43288            1           7.868        86576         5411
       43288            2           0.954       173152        10822
       43288            4           3.099       346304        21644
       43288            8           5.007       692608        43288
       43288           16           6.914      1385216        86576
       43288           32          14.067      2770432       173152
       43288           64          27.180      5540864       346304
       43288          128          53.883     11081728       692608
       43288          256         106.096     22163456      1385216
       43288          512         211.954     44326912      2770432
       43288         1024         423.193     88653824      5540864
       43288         2048         844.955    177307648     11081728
       43288         4096        1656.055    354615296     22163456
       43288         8192        3237.963    709230592     44326912
       56272            1           4.768       112544         7034
       56272            2           1.907       225088        14068
       56272            4           2.861       450176        28136
       56272            8          15.020       900352        56272
       56272           16           9.775      1800704       112544
       56272           32          18.120      3601408       225088
       56272           64          35.048      7202816       450176
       56272          128          69.141     14405632       900352
       56272          256         136.852     28811264      1800704
       56272          512         271.082     57622528      3601408
       56272         1024         544.071    115245056      7202816
       56272         2048        1049.042    230490112     14405632
       56272         4096        2097.130    460980224     28811264
       56272         8192        4196.882    921960448     57622528
       73152            1           6.199       146304         9144
       73152            2           3.099       292608        18288
       73152            4           3.815       585216        36576
       73152            8          16.928      1170432        73152
       73152           16          12.159      2340864       146304
       73152           32          22.888      4681728       292608
       73152           64          45.061      9363456       585216
       73152          128          87.976     18726912      1170432
       73152          256         173.807     37453824      2340864
       73152          512         339.985     74907648      4681728
       73152         1024         679.016    149815296      9363456
       73152         2048        1362.801    299630592     18726912
       73152         4096        2717.972    599261184     37453824
       95096            1           7.868       190192        11887
       95096            2           4.053       380384        23774
       95096            4          15.020       760768        47548
       95096            8           9.060      1521536        95096
       95096           16          15.974      3043072       190192
       95096           32          30.041      6086144       380384
       95096           64          57.936     12172288       760768
       95096          128         114.202     24344576      1521536
       95096          256         225.067     48689152      3043072
       95096          512         449.896     97378304      6086144
       95096         1024         902.176    194756608     12172288
       95096         2048        1770.020    389513216     24344576
       95096         4096        3549.099    779026432     48689152
      123624            1          10.014       247248        15453
      123624            2           4.053       494496        30906
      123624            4          15.974       988992        61812
      123624            8          11.921      1977984       123624
      123624           16          20.981      3955968       247248
      123624           32          39.101      7911936       494496
      123624           64          75.102     15823872       988992
      123624          128         146.866     31647744      1977984
      123624          256         292.063     63295488      3955968
      123624          512         581.980    126590976      7911936
      123624         1024        1168.013    253181952     15823872
      123624         2048        2318.144    506363904     31647744
      123624         4096        4596.949   1012727808     63295488
      160704            1          13.113       321408        20088
      160704            2          15.020       642816        40176
      160704            4           9.060      1285632        80352
      160704            8          15.020      2571264       160704
      160704           16          27.180      5142528       321408
      160704           32          48.876     10285056       642816
      160704           64          97.036     20570112      1285632
      160704          128         189.781     41140224      2571264
      160704          256         375.986     82280448      5142528
      160704          512         750.065    164560896     10285056
      160704         1024        1497.984    329121792     20570112
      160704         2048        2996.922    658243584     41140224
      208912            1          15.974       417824        26114
      208912            2          16.928       835648        52228
      208912            4          10.967      1671296       104456
      208912            8          19.073      3342592       208912
      208912           16          35.048      6685184       417824
      208912           32          64.850     13370368       835648
      208912           64         126.123     26740736      1671296
      208912          128         247.002     53481472      3342592
      208912          256         535.011    106962944      6685184
      208912          512         971.794    213925888     13370368
      208912         1024        1945.972    427851776     26740736
      208912         2048        3886.938    855703552     53481472
      271584            1          30.041       543168        33948
      271584            2          10.967      1086336        67896
      271584            4          15.974      2172672       135792
      271584            8          25.034      4345344       271584
      271584           16          45.061      8690688       543168
      271584           32          83.923     17381376      1086336
      271584           64         162.840     34762752      2172672
      271584          128         320.911     69525504      4345344
      271584          256         634.909    139051008      8690688
      271584          512        1266.003    278102016     17381376
      271584         1024        2530.813    556204032     34762752
      353056            1          37.193       706112        44132
      353056            2          13.113      1412224        88264
      353056            4          19.073      2824448       176528
      353056            8          32.902      5648896       353056
      353056           16          59.128     11297792       706112
      353056           32         109.911     22595584      1412224
      353056           64         219.822     45191168      2824448
      353056          128         416.994     90382336      5648896
      353056          256         828.028    180764672     11297792
      353056          512        1648.903    361529344     22595584
      353056         1024        3296.852    723058688     45191168
      458968            1          43.869       917936        57371
      458968            2          16.928      1835872       114742
      458968            4          25.988      3671744       229484
      458968            8          42.915      7343488       458968
      458968           16          75.102     14686976       917936
      458968           32         143.051     29373952      1835872
      458968           64         277.042     58747904      3671744
      458968          128         542.879    117495808      7343488
      458968          256        1079.082    234991616     14686976
      458968          512        2158.165    469983232     29373952
      458968         1024        4274.845    939966464     58747904
      596656            1          55.075      1193312        74582
      596656            2          27.895      2386624       149164
      596656            4          40.054      4773248       298328
      596656            8          66.042      9546496       596656
      596656           16         117.064     19092992      1193312
      596656           32         221.014     38185984      2386624
      596656           64         435.114     76371968      4773248
      596656          128         710.964    152743936      9546496
      596656          256        1410.007    305487872     19092992
      596656          512        2812.147    610975744     38185984
      775648            1          70.810      1551296        96956
      775648            2          37.909      3102592       193912
      775648            4          46.968      6205184       387824
      775648            8          77.963     12410368       775648
      775648           16         139.952     24820736      1551296
      775648           32         265.121     49641472      3102592
      775648           64         511.885     99282944      6205184
      775648          128        1007.795    198565888     12410368
      775648          256        2010.822    397131776     24820736
      775648          512        3987.789    794263552     49641472
     1008336            1          89.169      2016672       126042
     1008336            2          60.081      4033344       252084
     1008336            4          77.009      8066688       504168
     1008336            8         128.031     16133376      1008336
     1008336           16         230.074     32266752      2016672
     1008336           32         436.068     64533504      4033344
     1008336           64         844.955    129067008      8066688
     1008336          128        1669.168    258134016     16133376
     1008336          256        3309.965    516268032     32266752
     1008336          512        6609.201   1032536064     64533504
     1310832            1         108.957      2621664       163854
     1310832            2         108.957      5243328       327708
     1310832            4         127.792     10486656       655416
     1310832            8         212.908     20973312      1310832
     1310832           16         399.828     41946624      2621664
     1310832           32         723.124     83893248      5243328
     1310832           64        1398.087    167786496     10486656
     1310832          128        2758.980    335572992     20973312
     1310832          256        5491.972    671145984     41946624
     1704080            1         140.905      3408160       213010
     1704080            2         154.018      6816320       426020
     1704080            4         199.080     13632640       852040
     1704080            8         334.978     27265280      1704080
     1704080           16         616.074     54530560      3408160
     1704080           32        1136.780    109061120      6816320
     1704080           64        2212.048    218122240     13632640
     1704080          128        4374.981    436244480     27265280
     1704080          256        8657.932    872488960     54530560
     2215304            1         190.020      4430608       276913
     2215304            2         207.901      8861216       553826
     2215304            4         269.890     17722432      1107652
     2215304            8         462.055     35444864      2215304
     2215304           16         817.060     70889728      4430608
     2215304           32        1548.052    141779456      8861216
     2215304           64        3015.995    283558912     17722432
     2215304          128        5925.894    567117824     35444864
     2879888            1         232.935      5759776       359986
     2879888            2         282.049     11519552       719972
     2879888            4         355.005     23039104      1439944
     2879888            8         591.993     46078208      2879888
     2879888           16        1080.990     92156416      5759776
     2879888           32        2035.856    184312832     11519552
     2879888           64        3968.954    368625664     23039104
     2879888          128        7818.937    737251328     46078208
     3743848            1         298.977      7487696       467981
     3743848            2         370.026     14975392       935962
     3743848            4         462.055     29950784      1871924
     3743848            8         773.907     59901568      3743848
     3743848           16        1407.862    119803136      7487696
     3743848           32        2664.804    239606272     14975392
     3743848           64        5193.949    479212544     29950784
     3743848          128       10172.844    958425088     59901568
     4867000            1         379.086      9734000       608375
     4867000            2         492.096     19468000      1216750
     4867000            4         595.093     38936000      2433500
     4867000            8         999.928     77872000      4867000
     4867000           16        1820.803    155744000      9734000
     4867000           32        3449.917    311488000     19468000
     4867000           64        6695.032    622976000     38936000
     6327096            1         497.103     12654192       790887
     6327096            2         664.949     25308384      1581774
     6327096            4         788.927     50616768      3163548
     6327096            8        1308.918    101233536      6327096
     6327096           16        2346.992    202467072     12654192
     6327096           32        4469.872    404934144     25308384
     6327096           64        8677.959    809868288     50616768
     8225224            1         649.929     16450448      1028153
     8225224            2         905.037     32900896      2056306
     8225224            4        1039.982     65801792      4112612
     8225224            8        1715.899    131603584      8225224
     8225224           16        3077.984    263207168     16450448
     8225224           32        5844.831    526414336     32900896
     8225224           64       11281.967   1052828672     65801792
    10692784            1         830.889     21385568      1336598
    10692784            2        1226.902     42771136      2673196
    10692784            4        1368.046     85542272      5346392
    10692784            8        2249.002    171084544     10692784
    10692784           16        4104.137    342169088     21385568
    10692784           32        7701.874    684338176     42771136
    13900616            1        1081.944     27801232      1737577
    13900616            2        1765.966     55602464      3475154
    13900616            4        2042.055    111204928      6950308
    13900616            8        3095.865    222409856     13900616
    13900616           16        5491.972    444819712     27801232
    13900616           32       10519.981    889639424     55602464
    18070800            1        1435.041     36141600      2258850
    18070800            2        2290.010     72283200      4517700
    18070800            4        2681.017    144566400      9035400
    18070800            8        4124.880    289132800     18070800
    18070800           16        7761.955    578265600     36141600
    18070800           32       14841.080   1156531200     72283200
    23492040            1        1807.213     46984080      2936505
    23492040            2        3113.031     93968160      5873010
    23492040            4        3672.123    187936320     11746020
    23492040            8        6252.050    375872640     23492040
    23492040           16       11694.908    751745280     46984080
    23492040           32       21739.960   1503490560     93968160
    30539648            1        2403.975     61079296      3817456
    30539648            2        4467.964    122158592      7634912
    30539648            4        6135.941    244317184     15269824
    30539648            8        9582.043    488634368     30539648
    30539648           16       17382.860    977268736     61079296
    30539648           32       32007.933   1954537472    122158592
    39701536            1        3078.938     79403072      4962692
    39701536            2        6008.863    158806144      9925384
    39701536            4        8703.947    317612288     19850768
    39701536            8       13981.104    635224576     39701536
    39701536           16       24222.136   1270449152     79403072
    39701536           32       45638.800   2540898304    158806144
    51611992            1        3974.915    103223984      6451499
    51611992            2        7745.981    206447968     12902998
    51611992            4       11120.081    412895936     25805996
    51611992            8       18469.810    825791872     51611992
    51611992           16       33606.052   1651583744    103223984
    51611992           32       68747.044   3303167488    206447968
    67095584            1        5222.082    134191168      8386948
    67095584            2       10286.808    268382336     16773896
    67095584            4       14814.138    536764672     33547792
    67095584            8       24676.085   1073529344     67095584
    67095584           16       45462.847   2147058688    134191168
    67095584           32       84887.981   4294117376    268382336
    87224256            1        6809.950    174448512     10903032
    87224256            2       13593.912    348897024     21806064
    87224256            4       20022.869    697794048     43612128
    87224256            8       33515.930   1395588096     87224256
    87224256           16       64589.024   2791176192    174448512
    87224256           32      112907.887   5582352384    348897024
   113391528            1        8914.948    226783056     14173941
   113391528            2       17529.964    453566112     28347882
   113391528            4       26010.990    907132224     56695764
   113391528            8       43552.876   1814264448    113391528
   113391528           16       78125.000   3628528896    226783056
   113391528           32      151964.903   7257057792    453566112
   147408984            1       11358.976    294817968     18426123
   147408984            2       22844.791    589635936     36852246
   147408984            4       34235.954   1179271872     73704492
   147408984            8       56877.851   2358543744    147408984
   147408984           16      102185.011   4717087488    294817968
   147408984           32      199782.848   9434174976    589635936
   191631672            1       14879.942    383263344     23953959
   191631672            2       29742.002    766526688     47907918
   191631672            4       44585.943   1533053376     95815836
   191631672            8       74052.095   3066106752    191631672
   191631672           16      132712.126   6132213504    383263344
   191631672           32      254560.947  12264427008    766526688
   249121168            1       19109.964    498242336     31140146
   249121168            2       38086.891    996484672     62280292
   249121168            4       56894.064   1992969344    124560584
   249121168            8      100144.148   3985938688    249121168
   249121168           16      172198.057   7971877376    498242336
   249121168           32      330142.021  15943754752    996484672
   323857512            1       25237.083    647715024     40482189
   323857512            2       50360.203   1295430048     80964378
   323857512            4       75255.871   2590860096    161928756
   323857512            8      125092.983   5181720192    323857512
   323857512           16      229047.060  10363440384    647715024
   323857512           32      428753.138  20726880768   1295430048
   421014760            1       32587.051    842029520     52626845
   421014760            2       65495.014   1684059040    105253690
   421014760            4       97574.949   3368118080    210507380
   421014760            8      167067.051   6736236160    421014760
   421014760           16      291985.989  13472472320    842029520
   421014760           32      560534.954  26944944640   1684059040

META_DATA
FLOPS          1
ERT_VERSION  1.1.0
HOSTNAME  ('dev-amd24.i', ['dev-amd24'], ['192.168.17.192'])
UNAME  uname_result(system='Linux', node='dev-amd24', release='5.15.0-126-generic', version='#136-Ubuntu SMP Wed Nov 6 10:38:22 UTC 2024', machine='x86_64')
TIMESTAMP_DATA  1759347931.5418334
CONFIG  {'ERT_RESULTS': ['Results.EPYC9654.01'], 'ERT_DRIVER': ['driver1'], 'ERT_KERNEL': ['kernel1'], 'ERT_HIP': ['False'], 'ERT_GPU': ['False'], 'ERT_GPU_CFLAGS': ['-O3', '-gencode', 'arch=compute_70,code=sm_70'], 'ERT_GPU_LDFLAGS': [], 'ERT_FLOPS': ['1,2,4'], 'ERT_ALIGN': ['64'], 'ERT_CC': ['g++'], 'ERT_CFLAGS': ['-O3', '-march=native', '-fopenmp'], 'ERT_LD': ['g++'], 'ERT_LDFLAGS': ['-fopenmp'], 'ERT_LDLIBS': [], 'ERT_RUN': ['srun', '-n', '1', './ERT_CODE'], 'ERT_PRECISION': ['FP64'], 'ERT_BLOCKS_THREADS': ['16384'], 'ERT_GPU_BLOCKS': ['8192,4096,2048,1024'], 'ERT_GPU_THREADS': ['32,64,128,256'], 'ERT_NUM_EXPERIMENTS': ['3'], 'ERT_WSS_MULT': ['1.3'], 'ERT_MEMORY_MAX': ['536870912'], 'ERT_WORKING_SET_MIN': ['512'], 'ERT_TRIALS_MIN': ['32'], 'ERT_GNUPLOT': ['gnuplot'], 'ERT_MPI': [False], 'ERT_OPENMP': [False], 'ERT_OCL': [False], 'ERT_SYCL': [False]}
