fp64
 4096 131072 3220.081 3426.075 4330.158 247.96827829377125 313.4028951496976 333.4518057154463 15.498017393360703 19.5876809468561 20.840737857215395
 5320 65536 2104.044 2320.051 2964.02 235.25584847605617 300.55504814333824 331.4108640313606 14.70349052975351 18.78469050895864 20.713179001960036
 6912 65536 2619.982 2628.088 3533.125 256.4216278790023 344.72577173975907 345.7923237640564 16.026351742437644 21.54536073373494 21.612020235253524
 8984 32768 1775.026 1777.887 2397.776 245.55063692354918 331.16582999931944 331.699605526905 15.346914807721824 20.697864374957465 20.73122534543156
 11672 32768 2218.008 2223.969 2995.014 255.40321080302124 343.9509237763655 344.87530793396604 15.962700675188827 21.496932736022845 21.554706745872878
 15168 32768 2898.932 2904.892 4085.064 243.337692628561 342.1986249402732 342.90216120971445 15.208605789285063 21.387414058767074 21.431385075607153
 19712 16384 1884.937 1885.176 2547.979 253.50397942840192 342.63263270909454 342.676076707073 15.84399871427512 21.41453954431841 21.41725479419206
 25624 16384 2514.839 2671.957 3369.808 249.16767720890923 314.24429060797013 333.8771316970987 15.572979825556827 19.640268162998133 20.86732073106867
 33304 8192 1694.918 1718.044 2296.925 237.55792461660698 317.60114176354034 321.9345927059598 14.847370288537936 19.85007136022127 20.120912044122488
 43288 8192 3222.942 3226.995 4419.088 160.49252515451153 219.78050539278806 220.05688963685975 10.03078282215697 13.736281587049254 13.753555602303734
 56272 8192 4189.968 4376.888 5748.987 160.3692003478178 210.64291524023463 220.0399735749772 10.023075021738613 13.165182202514664 13.752498348436076
 73152 4096 2712.965 2918.005 3744.841 160.0231315561862 205.36674337432592 220.88791561999506 10.001445722261638 12.83542146089537 13.805494726249691
 95096 4096 3488.064 3546.953 4882.097 159.56799547407599 219.63257815933846 223.3406359516339 9.972999717129749 13.727036134958654 13.95878974697712
 123624 4096 4606.962 4621.983 6237.984 162.3485741547269 219.11110620701112 219.82551798777587 10.14678588467043 13.694444137938195 13.739094874235992
 160704 2048 2988.1 2992.153 4036.903 163.05657678671002 219.98994837496613 220.28833840902246 10.191036049169377 13.749371773435383 13.768021150563904
 208912 2048 3885.031 4034.042 5254.984 162.8365665813635 212.12063533299855 220.2565570261859 10.17728541133522 13.25753970831241 13.766034814136619
 271584 1024 2522.945 2533.913 3417.015 162.77482890768698 219.50399717748795 220.45824700895184 10.173426806730436 13.718999823592997 13.77864043805949
 353056 1024 3288.984 3290.176 4467.964 161.83180706021804 219.76292088933843 219.84256779601236 10.114487941263627 13.735182555583652 13.740160487250773
 458968 1024 4272.938 4530.907 5841.97 160.89888582105007 207.45657856142267 219.9813018583466 10.05618036381563 12.966036160088917 13.748831366146662
 596656 512 2787.113 2811.909 3778.934 161.67939000786993 217.28147817016838 219.2145578596921 10.10496187549187 13.580092385635524 13.700909866230756
 775648 512 3832.102 4013.062 4918.814 161.4746058704395 197.91958160626476 207.26576484655158 10.092162866902468 12.369973850391547 12.954110302909474
 1008336 512 5848.169 5915.88 7697.105 134.14602814954455 174.53634353638006 176.5571521616424 8.384126759346534 10.908521471023754 11.03482201010265
 1310832 256 5316.019 5388.975 6838.083 98.1482652374942 124.540563650787 126.2497338704019 6.1342665773433875 7.783785228174188 7.890608366900119
 1704080 256 8609.056 8836.985 10748.148 81.1757486033873 98.73151985660267 101.34548549806156 5.073484287711707 6.170719991037667 6.334092843628848
 2215304 128 6002.903 6038.189 7333.994 77.327282242118 93.9218404723668 94.47392769798212 4.832955140132375 5.870115029522925 5.9046204811238825
 2879888 128 7743.12 7833.004 9664.059 76.2879580929711 94.12114790187776 95.21372883282191 4.7679973808106935 5.88257174386736 5.95085805205137
 3743848 128 10091.782 10176.182 12392.044 77.34196941198725 94.18317085916898 94.9708473686808 4.833873088249203 5.886448178698061 5.93567796054255
 4867000 64 6701.946 6731.033 8177.042 76.18598510317055 92.55280727341554 92.95449411260549 4.7616240689481595 5.784550454588471 5.809655882037843
 6327096 64 8679.867 8709.908 10767.937 75.21109085240748 92.98241588774532 93.3042278182373 4.7006931782754675 5.811400992984082 5.831514238639831
 8225224 64 11272.907 11734.009 14294.863 73.65084030536005 89.72454955505829 93.39460282959844 4.603177519085003 5.607784347191143 5.8371626768499025
 10692784 32 7623.911 7675.171 10031.939 68.21594270060852 89.16259663791203 89.76208877569532 4.263496418788033 5.572662289869502 5.610130548480957
 13900616 32 10581.017 10745.049 13074.875 68.04190663390663 82.79528776462534 84.0788200226878 4.252619164619165 5.174705485289084 5.254926251417987
 18070800 32 15159.845 15286.207 20272.017 57.05062303371194 75.658480877565 76.28911773174462 3.5656639396069965 4.728655054847812 4.768069858234039
 23492040 32 27512.789 28022.051 28172.016 53.36822753472807 53.653837115634396 54.64697017812335 3.3355142209205044 3.3533648197271497 3.415435636132709
 30539648 32 31821.012 32317.162 40651.083 48.0808216597821 60.47986119573246 61.42285707318172 3.0050513537363814 3.779991324733279 3.8389285670738573
 39701536 32 43544.054 45667.171 55752.039 45.57498433375684 55.63949437551103 58.35235975042655 2.8484365208598024 3.4774683984694392 3.6470224844016594
 51611992 32 67611.933 68288.088 74733.019 44.19957245404471 48.37106418911598 48.8548003501098 2.7624732783777945 3.0231915118197485 3.0534250218818624
 67095584 32 84841.967 86473.942 99189.997 43.29183895428488 49.65793482619308 50.61312847685391 2.705739934642805 3.1036209266370673 3.1633205298033693
 87224256 32 111753.941 112884.998 128485.918 43.447192275187696 49.45167633346638 49.95217469780327 2.715449517199231 3.090729770841649 3.1220109186127045
 113391528 32 152059.078 152688.98 162426.949 44.67890234150739 47.52836643482719 47.72525183928841 2.792431396344212 2.9705229021766995 2.9828282399555257
 147408984 32 196913.004 197577.953 215772.152 43.72285713681902 47.74912804162922 47.910370490310534 2.732678571051189 2.9843205026018262 2.9943981556444084
 191631672 32 250889.063 255849.838 280045.033 43.79448146827157 47.93603585553179 48.88386469042695 2.737155091766973 2.996002240970737 3.055241543151684
 249121168 32 329679.012 330641.031 362399.101 43.995017393820746 48.220738677771664 48.361449081265754 2.7496885871137966 3.013796167360729 3.0225905675791096
 323857512 32 428890.944 429600.0 473458.052 43.77764974203037 48.24692916201118 48.326692502978105 2.736103108876898 3.0154330726256986 3.0204182814361316
 421014760 32 559947.968 560085.058 614915.133 43.81896491722867 48.10866538060724 48.120443648078385 2.738685307326792 3.0067915862879526 3.007527728004899
 
META_DATA
 FLOPS          1
 ERT_VERSION  1.1.0
 HOSTNAME  ('dev-amd24.i', ['dev-amd24'], ['192.168.17.192'])
 UNAME  uname_result(system='Linux', node='dev-amd24', release='5.15.0-126-generic', version='#136-Ubuntu SMP Wed Nov 6 10:38:22 UTC 2024', machine='x86_64')
 TIMESTAMP_DATA  1759347775.6713934
 CONFIG  {'ERT_RESULTS': ['Results.EPYC9654.01'], 'ERT_DRIVER': ['driver1'], 'ERT_KERNEL': ['kernel1'], 'ERT_HIP': ['False'], 'ERT_GPU': ['False'], 'ERT_GPU_CFLAGS': ['-O3', '-gencode', 'arch=compute_70,code=sm_70'], 'ERT_GPU_LDFLAGS': [], 'ERT_FLOPS': ['1,2,4'], 'ERT_ALIGN': ['64'], 'ERT_CC': ['g++'], 'ERT_CFLAGS': ['-O3', '-march=native', '-fopenmp'], 'ERT_LD': ['g++'], 'ERT_LDFLAGS': ['-fopenmp'], 'ERT_LDLIBS': [], 'ERT_RUN': ['srun', '-n', '1', './ERT_CODE'], 'ERT_PRECISION': ['FP64'], 'ERT_BLOCKS_THREADS': ['16384'], 'ERT_GPU_BLOCKS': ['8192,4096,2048,1024'], 'ERT_GPU_THREADS': ['32,64,128,256'], 'ERT_NUM_EXPERIMENTS': ['3'], 'ERT_WSS_MULT': ['1.3'], 'ERT_MEMORY_MAX': ['536870912'], 'ERT_WORKING_SET_MIN': ['512'], 'ERT_TRIALS_MIN': ['32'], 'ERT_GNUPLOT': ['gnuplo'], 'ERT_MPI': [False], 'ERT_OPENMP': [False], 'ERT_OCL': [False], 'ERT_SYCL': [False]}
 TIMESTAMP_DATA  1759347788.699718
 TIMESTAMP_DATA  1759347802.8766682
 