fp64

4096 1 0.954 0.954 1.192 6.872483221476511 8.587002096436061 8.587002096436061 0.4295302013422819 0.5366876310272538 0.5366876310272538
4096 8 0.954 0.954 1.192 54.97986577181209 68.69601677148849 68.69601677148849 3.4362416107382554 4.2935010482180305 4.2935010482180305
4096 16 0.954 0.954 1.192 109.95973154362417 137.39203354297698 137.39203354297698 6.872483221476511 8.587002096436061 8.587002096436061
4096 32 0.954 0.954 1.192 219.91946308724835 274.78406708595395 274.78406708595395 13.744966442953022 17.174004192872122 17.174004192872122
4096 64 1.907 1.907 2.146 244.30941286113702 274.9281594126901 274.9281594126901 15.269338303821064 17.18300996329313 17.18300996329313
4096 128 3.099 3.099 4.053 258.7160128300025 338.3594707970313 338.3594707970313 16.169750801875157 21.147466924814456 21.147466924814456
4096 256 5.96 5.96 9.06 231.47373068432674 351.87114093959735 351.87114093959735 14.467108167770421 21.991946308724835 21.991946308724835
4096 512 12.875 13.113 16.928 247.77315689981097 319.858461069168 325.77118446601946 15.485822306238186 19.991153816823 20.360699029126216
4096 1024 25.034 25.988 34.094 246.04352672024402 322.78774819147304 335.0885995046737 15.377720420015251 20.174234261967065 20.943037469042107
4096 2048 50.068 50.783 67.949 246.90894641569415 330.37071460921965 335.0885995046737 15.431809150980884 20.648169663076228 20.943037469042107
4096 4096 100.136 100.851 135.899 246.90712955945224 332.7129329406749 335.0885995046737 15.431695597465765 20.79455830879218 20.943037469042107
4096 8192 200.987 202.179 280.857 238.94317748890003 331.9279648232507 333.89654057227585 14.933948593056252 20.74549780145317 20.86853378576724
4096 16384 401.02 402.927 541.925 247.66845596715416 333.1068109111576 334.6908583113062 15.479278497947135 20.81917568194735 20.91817864445664
4096 32768 806.093 810.146 1080.99 248.32371807324768 331.3420741446604 333.0080474585439 15.52023237957798 20.708879634041274 20.813002966158994
4096 65536 1616.001 1621.008 2162.933 248.21430529748264 331.1957201938547 332.22189342704615 15.513394081092665 20.69973251211592 20.763868339190385
4096 131072 3220.081 3426.075 4330.158 247.96827829377125 313.4028951496976 333.4518057154463 15.498017393360703 19.5876809468561 20.840737857215395

5320 16 0.954 0.954 0.954 178.44863731656187 178.44863731656187 178.44863731656187 11.153039832285117 11.153039832285117 11.153039832285117
5320 32 1.192 1.907 1.907 178.54221289984267 178.54221289984267 285.63758389261744 11.158888306240167 11.158888306240167 17.85234899328859
5320 64 2.861 3.815 4.053 168.01381692573403 178.4954128440367 238.0146801817546 10.500863557858377 11.155963302752294 14.875917511359663
5320 128 15.02 15.974 17.166 79.33822672725154 85.25854513584575 90.67376830892144 4.958639170453221 5.328659070990359 5.66711051930759
5320 256 8.106 8.821 10.967 248.3669189386341 308.79038657748555 336.02763385146807 15.52293243366463 19.299399161092847 21.001727115716754
5320 512 15.974 17.166 22.888 238.0146801817546 317.35290690900615 341.034180543383 14.875917511359663 19.834556681812884 21.314636283961438
5320 1024 32.902 33.14 46.015 236.77844181245246 328.7676523838262 331.1458270013981 14.798652613278279 20.547978273989138 20.696614187587382
5320 2048 64.85 66.042 91.791 237.3949515747731 329.95245449865234 336.0172706245182 14.837184473423319 20.62202840616577 21.001079414032386
5320 4096 130.892 132.084 185.013 235.55879857091122 329.95245449865234 332.95724719616175 14.722424910681951 20.62202840616577 20.80982794976011
5320 8192 262.022 262.976 380.993 228.77816652799396 331.4480408858603 332.65481524452144 14.298635407999623 20.715502555366268 20.79092595278259
5320 16384 523.806 524.998 742.197 234.8780175613752 332.0503316203109 332.8059625128387 14.67987609758595 20.75314572626943 20.800372657052417
5320 32768 1046.896 1050.949 1482.964 235.10450691992523 331.74922855438274 333.033577356299 14.694031682495327 20.73432678464892 20.81459858476869
5320 65536 2104.044 2320.051 2964.02 235.25584847605617 300.55504814333824 331.4108640313606 14.70349052975351 18.78469050895864 20.713179001960036

6912 1 0.954 0.954 0.954 14.490566037735851 14.490566037735851 14.490566037735851 0.9056603773584907 0.9056603773584907 0.9056603773584907
6912 16 0.954 0.954 0.954 231.84905660377362 231.84905660377362 231.84905660377362 14.490566037735851 14.490566037735851 14.490566037735851
6912 32 1.907 2.146 2.146 206.13606710158436 206.13606710158436 231.97063450445725 12.883504193849022 12.883504193849022 14.498164656528578
6912 64 3.815 4.053 4.053 218.2916358253146 218.2916358253146 231.90982961992137 13.643227239082162 13.643227239082162 14.494364351245085
6912 128 15.974 16.928 16.928 104.52930056710774 104.52930056710774 110.77200450732441 6.533081285444234 6.533081285444234 6.923250281707776
6912 256 10.014 10.014 14.067 251.57773512476007 353.3996405032954 353.3996405032954 15.723608445297504 22.087477531455963 22.087477531455963
6912 512 20.027 20.981 28.133 251.58667756726976 337.3475048853725 353.417286663005 15.72416734795436 21.08421905533578 22.08858041643781
6912 1024 41.008 41.008 55.075 257.0272537448933 345.1954740538431 345.1954740538431 16.06420335905583 21.574717128365194 21.574717128365194
6912 2048 82.016 82.016 110.865 255.36961168989313 345.1954740538431 345.1954740538431 15.96060073061832 21.574717128365194 21.574717128365194
6912 4096 163.794 164.032 220.776 256.47309490161973 345.1954740538431 345.69705850031136 16.029568431351233 21.574717128365194 21.60606615626946
6912 8192 326.872 326.872 452.042 250.52142942469948 346.45429403558575 346.45429403558575 15.657589339043717 21.65339337722411 21.65339337722411
6912 16384 653.982 655.174 880.957 257.09815121509905 345.698113783514 346.32821086818905 16.06863445094369 21.606132111469623 21.645513179261815
6912 32768 1307.964 1308.918 1763.105 256.92447812240334 346.0757908440407 346.32821086818905 16.05777988265021 21.629736927752543 21.645513179261815
6912 65536 2619.982 2628.088 3533.125 256.4216278790023 344.72577173975907 345.7923237640564 16.026351742437644 21.54536073373494 21.612020235253524

8984 1 0.954 0.954 0.954 18.834381551362686 18.834381551362686 18.834381551362686 1.1771488469601679 1.1771488469601679 1.1771488469601679
8984 2 0.954 0.954 0.954 37.66876310272537 37.66876310272537 37.66876310272537 2.3542976939203357 2.3542976939203357 2.3542976939203357
8984 4 0.954 0.954 0.954 75.33752620545074 75.33752620545074 75.33752620545074 4.708595387840671 4.708595387840671 4.708595387840671
8984 8 0.954 0.954 1.192 120.59060402684565 150.6750524109015 150.6750524109015 7.536912751677853 9.417190775681343 9.417190775681343
8984 16 0.954 1.192 2.146 133.96458527493013 241.1812080536913 301.350104821803 8.372786579683133 15.073825503355707 18.834381551362686
8984 32 1.907 2.861 3.099 185.53597934817682 200.97029010835374 301.5081279496592 11.595998709261051 12.560643131772109 18.8442579968537
8984 64 5.007 5.007 15.974 71.98898209590585 229.66886359097268 229.66886359097268 4.499311380994116 14.354303974435792 14.354303974435792
8984 128 10.014 10.014 17.881 128.6227839606286 229.66886359097268 229.66886359097268 8.038923997539287 14.354303974435792 14.354303974435792
8984 256 14.067 19.073 26.941 170.73634980141793 241.16856288994913 326.9928200753537 10.67102186258862 15.07303518062182 20.437051254709605
8984 512 27.895 28.133 36.955 248.9410363956163 327.0044431806064 329.79444344864675 15.558814774726018 20.4377776987879 20.61215271554042
8984 1024 56.028 56.028 75.102 244.9899070597321 328.39351752695086 328.39351752695086 15.311869191233257 20.52459484543443 20.52459484543443
8984 2048 109.911 110.865 149.012 246.94966848307521 331.9213818608218 334.80237646823343 15.434354280192201 20.74508636630136 20.92514852926459
8984 4096 221.014 222.206 299.215 245.9667062145949 331.210354355868 332.99667894341536 15.37291913841218 20.70064714724175 20.81229243396346
8984 8192 442.028 442.028 597.954 246.16250748385332 332.99667894341536 332.99667894341536 15.385156717740832 20.81229243396346 20.81229243396346
8984 16384 884.771 885.01 1194.954 246.3590330673817 332.637723867527 332.72757809647925 15.397439566711355 20.789857741720436 20.795473631029953
8984 32768 1775.026 1777.887 2397.776 245.55063692354918 331.16582999931944 331.699605526905 15.346914807721824 20.697864374957465 20.73122534543156

11672 1 0.954 1.907 2.146 10.877912395153775 12.241216570529627 24.469601677148848 0.6798695246971109 0.7650760356581017 1.529350104821803
11672 8 0.954 0.954 1.192 156.6711409395973 195.75681341719078 195.75681341719078 9.791946308724832 12.234800838574424 12.234800838574424
11672 16 1.907 2.146 2.146 174.0465983224604 174.0465983224604 195.85946512847403 10.877912395153775 10.877912395153775 12.241216570529627
11672 32 3.815 3.815 4.053 184.30989390574882 195.808125819135 195.808125819135 11.519368369109301 12.238007863695938 12.238007863695938
11672 64 16.928 17.166 18.12 82.45121412803532 87.03343819177442 88.25708884688089 5.153200883002207 5.439589886985901 5.516068052930056
11672 128 8.106 9.06 12.159 245.7465252076651 329.80485651214127 368.61978781149764 15.359157825479068 20.61280353200883 23.038736738218603
11672 256 16.928 18.12 23.842 250.65279758409528 329.80485651214127 353.02835538752356 15.665799849005955 20.61280353200883 22.064272211720223
11672 512 33.855 35.048 46.968 254.47385453926074 341.02168454690707 353.0387830453405 15.904615908703796 21.31385528418169 22.06492394033378
11672 1024 69.141 69.857 92.983 257.0820042373337 342.18841347323814 345.7319969338019 16.067625264833357 21.386775842077384 21.60824980836262
11672 2048 138.044 149.012 187.159 255.44329687591832 320.8366574504067 346.32806931123406 15.965206054744895 20.052291090650417 21.64550433195213
11672 4096 277.042 277.042 374.079 255.60650023123455 345.13548126276885 345.13548126276885 15.97540626445216 21.570967578923053 21.570967578923053
11672 8192 554.085 555.038 748.873 255.36245531618843 344.5422619712524 345.13485837010563 15.960153457261777 21.533891373203275 21.570928648131602
11672 16384 1109.123 1120.09 1512.051 252.9465580195377 341.46193252327936 344.83830558017456 15.809159876221106 21.34137078270496 21.55239409876091
11672 32768 2218.008 2223.969 2995.014 255.40321080302124 343.9509237763655 344.87530793396604 15.962700675188827 21.496932736022845 21.554706745872878

15168 1 0.954 0.954 1.192 25.449664429530202 31.798742138364783 31.798742138364783 1.5906040268456376 1.987421383647799 1.987421383647799
15168 8 0.954 1.907 1.907 127.26166754063973 127.26166754063973 254.38993710691827 7.953854221289983 7.953854221289983 15.899371069182392
15168 16 2.146 3.099 3.099 156.62342691190705 156.62342691190705 226.1770736253495 9.78896418199419 9.78896418199419 14.136067101584343
15168 32 5.007 5.007 5.007 193.87896944278012 193.87896944278012 193.87896944278012 12.117435590173757 12.117435590173757 12.117435590173757
15168 64 16.928 16.928 18.12 107.14701986754967 114.69187145557655 114.69187145557655 6.696688741721855 7.168241965973534 7.168241965973534
15168 128 10.967 10.967 15.974 243.08300989107298 354.0629160207896 354.0629160207896 15.192688118192061 22.12893225129935 22.12893225129935
15168 256 22.888 22.888 30.994 250.56514164031745 339.3051380636141 339.3051380636141 15.66032135251984 21.20657112897588 21.20657112897588
15168 512 45.061 46.015 61.035 254.4774637503072 337.54280126045853 344.6890215485675 15.9048414843942 21.09642507877866 21.54306384678547
15168 1024 91.076 91.076 123.024 252.50409676160746 341.0784839035531 341.0784839035531 15.781506047600466 21.31740524397207 21.31740524397207
15168 2048 180.96 182.152 264.883 234.54932177602942 341.0784839035531 343.325198938992 14.659332611001838 21.31740524397207 21.457824933687
15168 4096 362.873 363.111 524.998 236.67948449327423 342.1990961441543 342.4235366092269 14.79246778082964 21.387443509009643 21.401471038076682
15168 8192 724.077 735.044 1024.961 242.4604565442002 338.09202170210216 343.21282405048083 15.153778534012513 21.130751356381385 21.450801503155052
15168 16384 1449.108 1460.075 2037.048 243.99278956607796 340.41061178364123 342.9868746842885 15.249549347879872 21.275663236477577 21.436679667768033
15168 32768 2898.932 2904.892 4085.064 243.337692628561 342.1986249402732 342.90216120971445 15.208605789285063 21.387414058767074 21.431385075607153

19712 1 2.146 2.146 2.146 18.370922646784717 18.370922646784717 18.370922646784717 1.1481826654240448 1.1481826654240448 1.1481826654240448
19712 4 0.954 0.954 1.192 132.29530201342283 165.29979035639414 165.29979035639414 8.268456375838927 10.331236897274634 10.331236897274634
19712 8 1.907 1.907 1.907 165.38647089669638 165.38647089669638 165.38647089669638 10.336654431043524 10.336654431043524 10.336654431043524
19712 16 3.099 3.099 4.053 155.63385146804836 203.5443691513391 203.5443691513391 9.727115716753023 12.721523071958694 12.721523071958694
19712 32 5.96 15.02 16.928 74.52551984877127 83.99254327563249 211.6724832214765 4.657844990548204 5.24953395472703 13.229530201342282
19712 64 7.153 16.928 18.12 139.2459161147903 149.05103969754254 352.73815182440933 8.702869757174394 9.315689981096408 22.046134489025583
19712 128 15.02 15.02 21.935 230.05571005242763 335.97017310252994 335.97017310252994 14.378481878276727 20.99813581890812 20.99813581890812
19712 256 29.087 30.041 41.008 246.1115879828326 335.9589893811791 346.97782514525386 15.381974248927037 20.997436836323693 21.686114071578366
19712 512 58.889 58.889 79.87 252.72427695004382 342.7649985566065 342.7649985566065 15.795267309377738 21.422812409787905 21.422812409787905
19712 1024 117.779 127.077 160.217 251.97186316058844 317.68279074891603 342.76208831795145 15.748241447536778 19.855174421807252 21.422630519871966
19712 2048 235.796 236.034 330.925 243.98383923849812 342.07085419897135 342.4161224108976 15.248989952406133 21.37942838743571 21.4010076506811
19712 4096 470.877 471.115 636.101 253.86016371613943 342.7628158729822 342.93606185904173 15.866260232258714 21.422675992061386 21.433503866190108
19712 8192 943.899 953.197 1281.023 252.11210727676243 338.8191612017243 342.1567434651377 15.757006704797652 21.176197575107768 21.384796466571107
19712 16384 1884.937 1885.176 2547.979 253.50397942840192 342.63263270909454 342.676076707073 15.84399871427512 21.41453954431841 21.41725479419206

25624 1 1.907 2.861 3.099 16.536947402387867 17.912617965746243 26.873623492396433 1.0335592126492417 1.1195386228591402 1.679601468274777
25624 2 0.954 0.954 0.954 107.43815513626836 107.43815513626836 107.43815513626836 6.714884696016773 6.714884696016773 6.714884696016773
25624 4 0.954 1.907 2.146 95.5228331780056 107.49449396958573 214.87631027253673 5.97017707362535 6.718405873099108 13.429769392033545
25624 8 1.907 3.099 3.099 132.29557921910293 132.29557921910293 214.98898793917147 8.268473701193933 8.268473701193933 13.436811746198217
25624 16 4.053 4.053 5.007 163.7643299380867 202.3113742906489 202.3113742906489 10.235270621130418 12.644460893165556 12.644460893165556
25624 32 15.974 16.928 18.12 90.50419426048566 96.87712665406427 102.6628270940278 5.656512141280354 6.054820415879017 6.416426693376738
25624 64 10.014 10.014 15.02 218.3669773635153 327.5286598761734 327.5286598761734 13.647936085219706 20.470541242260836 20.470541242260836
25624 128 19.073 20.027 28.133 233.16901859026765 327.54501423078847 343.92827557279924 14.573063661891728 20.47156338942428 21.495517223299952
25624 256 38.862 40.054 56.028 234.15949168273008 327.54501423078847 337.5916833925171 14.63496823017063 20.47156338942428 21.09948021203232
25624 512 77.963 77.963 109.911 238.72929916022966 336.55677693264755 336.55677693264755 14.920581197514354 21.034798558290472 21.034798558290472
25624 1024 156.164 156.879 220.06 238.47110787966918 334.51228016496793 336.0438513357753 14.904444242479324 20.907017510310496 21.002740708485955
25624 2048 310.898 312.09 440.836 238.08378626065021 336.3001185555449 337.5895116726386 14.880236641290638 21.018757409721555 21.099344479539912
25624 4096 622.988 624.18 877.857 239.11845323327148 336.3001185555449 336.9435815778153 14.944903327079468 21.018757409721555 21.058973848613455
25624 8192 1251.936 1271.963 1682.997 249.45000852645606 330.05961336925685 335.33951895304557 15.590625532903504 20.628725835578553 20.958719934565348
25624 16384 2514.839 2671.957 3369.808 249.16767720890923 314.24429060797013 333.8771316970987 15.572979825556827 19.640268162998133 20.86732073106867

33304 1 2.146 3.099 3.099 21.493384962891252 21.493384962891252 31.03821062441752 1.3433365601807032 1.3433365601807032 1.939888164026095
33304 2 0.954 0.954 1.192 111.75838926174497 139.63941299790358 139.63941299790358 6.98489932885906 8.727463312368974 8.727463312368974
33304 4 0.954 0.954 1.907 139.71263765076034 279.27882599580715 279.27882599580715 8.732039853172521 17.454926624737947 17.454926624737947
33304 8 2.861 3.099 3.099 171.94707970313002 171.94707970313002 186.25096120237677 10.746692481445626 10.746692481445626 11.640685075148548
33304 16 5.007 5.96 15.974 66.71641417303117 178.81342281879193 212.84761334132216 4.169775885814448 11.175838926174496 13.302975833832635
33304 32 6.914 10.014 16.928 125.91304347826086 212.84761334132216 308.28116864333236 7.869565217391304 13.302975833832635 19.267573040208273
33304 64 14.067 14.067 17.881 238.40456350315975 303.0434349896922 303.0434349896922 14.900285218947484 18.94021468685576 18.94021468685576
33304 128 26.941 26.941 37.193 229.23195224907911 316.46278905757026 316.46278905757026 14.326997015567445 19.77892431609814 19.77892431609814
33304 256 52.929 52.929 72.002 236.82186605927615 322.160781424172 322.160781424172 14.80136662870476 20.13504883901075 20.13504883901075
33304 512 104.904 107.05 144.005 236.8202215200861 318.57352638953756 325.0905208571646 14.801263845005382 19.910845399346098 20.31815755357279
33304 1024 210.047 211.954 287.056 237.60726826821247 321.79903186540474 324.72061967083556 14.850454266763279 20.112439491587796 20.295038729427223
33304 2048 419.855 425.1 572.92 238.1016267541716 320.896692542931 324.905464981958 14.881351672135725 20.05604328393319 20.306591561372375
33304 4096 840.902 858.068 1157.999 235.60155751429835 317.9542507120648 324.4449032110757 14.725097344643647 19.87214066950405 20.277806450692232
33304 8192 1694.918 1718.044 2296.925 237.55792461660698 317.60114176354034 321.9345927059598 14.847370288537936 19.85007136022127 20.120912044122488

43288 1 3.099 4.053 4.053 21.360967184801382 21.360967184801382 27.93675379154566 1.3350604490500864 1.3350604490500864 1.7460471119716037
43288 2 2.146 2.146 2.146 80.68592730661697 80.68592730661697 80.68592730661697 5.042870456663561 5.042870456663561 5.042870456663561
43288 4 1.907 2.861 3.099 111.74701516618263 121.04299196085285 181.59622443628737 6.984188447886415 7.565186997553303 11.34976402726796
43288 8 4.053 5.007 5.96 116.20939597315437 138.32794088276415 170.88773747841105 7.263087248322148 8.64549630517276 10.680483592400691
43288 16 16.928 17.166 20.981 66.02240122015156 80.6953279739019 81.82986767485822 4.126400076259473 5.0434579983688685 5.114366729678639
43288 32 14.067 14.067 20.027 138.33484795526041 196.94547522570556 196.94547522570556 8.645927997203776 12.309092201606598 12.309092201606598
43288 64 26.941 35.048 36.955 149.93543498849954 158.0935859392833 205.66660480308826 9.370964686781221 9.880849121205205 12.854162800193016
43288 128 51.022 53.167 73.91 149.93543498849954 208.4324486993812 217.19509231311986 9.370964686781221 13.027028043711326 13.574693269569991
43288 256 100.851 106.096 146.151 151.6476520858564 208.90001508068164 219.76436525170797 9.477978255366025 13.056250942542603 13.735272828231748
43288 512 201.941 210.047 299.931 147.79036511731033 211.03330207048901 219.50427104946496 9.236897819831896 13.189581379405563 13.71901694059156
43288 1024 402.927 418.901 553.131 160.27636129596786 211.63430977725048 220.0245304980803 10.017272580997991 13.227144361078155 13.75153315613002
43288 2048 803.947 838.995 1151.085 154.03523458302385 211.33337862561757 220.54643900655145 9.62720216143899 13.208336164101098 13.784152437909466
43288 4096 1609.087 1682.997 2197.981 161.33683412186 210.70465128577175 220.3829227381739 10.08355213261625 13.169040705360734 13.773932671135869
43288 8192 3222.942 3226.995 4419.088 160.49252515451153 219.78050539278806 220.05688963685975 10.03078282215697 13.736281587049254 13.753555602303734

56272 1 5.007 5.007 5.007 22.477331735570203 22.477331735570203 22.477331735570203 1.4048332334731377 1.4048332334731377 1.4048332334731377
56272 2 1.907 2.146 2.146 104.88723205964585 104.88723205964585 118.03251179863659 6.555452003727866 6.555452003727866 7.377031987414787
56272 4 2.861 3.815 4.053 111.07229212928695 118.00157273918742 157.349178608878 6.942018258080434 7.375098296199214 9.834323663054874
56272 8 6.199 15.02 16.928 53.18714555765595 59.94354194407457 145.24149056299404 3.324196597353497 3.7464713715046605 9.077593160187128
56272 16 10.967 12.875 19.073 94.41115713312011 139.86050485436894 164.1929424637549 5.900697320820007 8.741281553398059 10.26205890398468
56272 32 17.881 18.12 24.08 149.56013289036545 198.75320088300222 201.4097645545551 9.34750830564784 12.422075055187639 12.588110284659694
56272 64 34.809 36.001 48.161 149.55702747035983 200.07266464820424 206.92395644804506 9.34731421689749 12.504541540512765 12.932747278002816
56272 128 67.949 70.095 108.957 132.21391925254918 205.51582851843926 212.0065343124991 8.263369953284323 12.844739282402454 13.250408394531194
56272 256 135.899 137.091 185.013 155.72561928080728 210.16160068859367 212.00497428237145 9.732851205050455 13.135100043037104 13.250310892648216
56272 512 268.936 272.989 369.072 156.12814843716131 211.0800361919345 214.26111788678347 9.758009277322582 13.192502261995907 13.391319867923967
56272 1024 535.965 544.071 736.952 156.38068150978626 211.81988380193025 215.023473547713 9.773792594361641 13.23874273762064 13.438967096732062
56272 2048 1075.029 1086.95 1410.007 163.46735299895673 212.05217535305212 214.40362259994848 10.216709562434795 13.253260959565758 13.40022641249678
56272 4096 2088.785 2123.117 2897.978 159.06960784381386 217.12426776291647 220.69299808261744 9.941850490238366 13.57026673518228 13.79331238016359
56272 8192 4189.968 4376.888 5748.987 160.3692003478178 210.64291524023463 220.0399735749772 10.023075021738613 13.165182202514664 13.752498348436076

73152 1 5.96 6.199 7.153 20.453516007269677 23.601226004194224 24.54765100671141 1.2783447504543548 1.475076625262139 1.534228187919463
73152 2 1.907 2.861 3.099 94.42013552758952 102.2747291156938 153.4389092815941 5.901258470474345 6.392170569730863 9.589931830099632
73152 4 4.053 4.053 14.782 39.5897713435259 144.39082161361952 144.39082161361952 2.474360708970369 9.02442635085122 9.02442635085122
73152 8 10.014 15.974 17.881 65.45674179296459 73.27106548140728 116.87956860395447 4.091046362060287 4.579441592587955 7.304973037747154
73152 16 11.921 15.02 15.974 146.54213096281455 155.84980026631158 196.36473450213907 9.15888318517591 9.740612516644473 12.272795906383692
73152 32 23.127 26.941 30.994 151.0527198812673 173.77706840874504 202.43559475937218 9.440794992579207 10.861066775546565 12.652224672460761
73152 64 45.061 54.121 60.081 155.8472062715334 173.00966353171594 207.79512216772818 9.740450391970837 10.813103970732246 12.987195135483011
73152 128 87.976 104.904 118.017 158.67978342103257 178.51475634866162 212.86387196508136 9.917486463814535 11.157172271791351 13.303991997817585
73152 256 174.999 190.02 234.127 159.9722543747624 197.1046416166719 214.0230744175681 9.99826589842265 12.319040101041994 13.376442151098006
73152 512 340.939 340.939 459.909 162.87493395432574 219.70982492469324 219.70982492469324 10.179683372145359 13.731864057793327 13.731864057793327
73152 1024 679.016 679.97 917.196 163.34054662253214 220.32633204406073 220.63588486869233 10.208784163908259 13.770395752753796 13.78974280429327
73152 2048 1358.032 1363.993 1833.916 163.38294229397638 219.67164934130892 220.63588486869233 10.211433893373524 13.729478083831808 13.78974280429327
73152 4096 2712.965 2918.005 3744.841 160.0231315561862 205.36674337432592 220.88791561999506 10.001445722261638 12.83542146089537 13.805494726249691

95096 1 7.868 8.106 8.821 21.561274231946495 23.46311374290649 24.172852058973056 1.347579639496656 1.4664446089316556 1.510803253685816
95096 2 3.099 3.099 4.053 93.85245497162596 122.74411100354952 122.74411100354952 5.8657784357266225 7.671506937721845 7.671506937721845
95096 4 14.067 15.02 15.974 47.6253912607988 50.650332889480694 54.08175161726025 2.976586953799925 3.1656458055925434 3.3801094760787658
95096 8 7.868 9.06 12.875 118.17755339805825 167.93995584988963 193.38281647178445 7.386097087378641 10.496247240618102 12.086426029486528
95096 16 14.782 15.974 22.173 137.24223154286744 190.5015650431952 205.86334731430117 8.577639471429215 11.9063478151997 12.866459207143823
95096 32 27.895 30.041 41.962 145.03941661503265 202.5945873972238 218.18046244846747 9.06496353843954 12.662161712326487 13.636278903029217
95096 64 54.121 57.936 82.016 148.41357783847053 210.0988677161005 224.90877847785518 9.275848614904408 13.131179232256281 14.056798654865949
95096 128 107.05 113.01 169.039 144.01751075195668 215.4196619768162 227.41313404950958 9.001094421997292 13.463728873551013 14.213320878094349
95096 256 212.908 225.067 336.17 144.83491090817145 216.33181230478033 228.68634339714808 9.052181931760716 13.52073826904877 14.292896462321755
95096 512 422.955 449.181 626.087 155.5347803100847 216.79079034954728 230.23324940005438 9.720923769380294 13.549424396846705 14.389578087503399
95096 1024 842.81 895.023 1266.003 153.83581871448962 217.5995566594378 231.08008685231547 9.614738669655601 13.599972291214863 14.442505428269717
95096 2048 1785.994 1786.947 2576.113 151.20191389119967 217.97692712766525 218.0932388350689 9.45011961819998 13.623557945479078 13.630827427191806
95096 4096 3488.064 3546.953 4882.097 159.56799547407599 219.63257815933846 223.3406359516339 9.972999717129749 13.727036134958654 13.95878974697712

123624 1 10.014 10.014 10.967 22.544725084343938 24.690233672858 24.690233672858 1.409045317771496 1.543139604553625 1.543139604553625
123624 2 4.053 4.053 5.007 98.760934691432 122.00740192450037 122.00740192450037 6.1725584182145 7.625462620281273 7.625462620281273
123624 4 8.106 16.928 19.073 51.852985896293184 58.42344045368619 122.00740192450037 3.240811618518324 3.651465028355387 7.625462620281273
123624 8 11.921 12.159 15.974 123.82521597596093 162.67653589933383 165.92433520677795 7.739075998497558 10.167283493708364 10.370270950423622
123624 16 20.027 20.027 28.133 140.61664237727933 197.53173216158186 197.53173216158186 8.788540148579958 12.345733260098866 12.345733260098866
123624 32 38.862 46.015 51.975 152.22580086580086 171.94254047593176 203.59055118110234 9.514112554112554 10.746408779745735 12.724409448818896
123624 64 73.91 75.102 101.089 156.53406404257635 210.6984101621794 214.0964957380598 9.783379002661022 13.168650635136213 13.381030983628737
123624 128 145.912 146.866 198.126 159.7354410829472 215.48720602453932 216.89610175996492 9.9834650676842 13.467950376533707 13.556006359997808
123624 256 288.963 291.824 393.867 160.70269405662316 216.89610175996492 219.0435730526053 10.043918378538947 13.556006359997808 13.690223315787831
123624 512 576.019 597.0 785.828 161.092473162066 212.04518592964823 219.7687506835712 10.068279572629125 13.252824120603014 13.7355469177232
123624 1024 1148.939 1152.039 1610.041 157.251866256822 219.76855991854444 220.36152659105485 9.828241641051376 13.735534994909028 13.772595411940928
123624 2048 2300.978 2305.031 3139.019 161.31278721154604 219.67769804397423 220.06464381667274 10.082049200721627 13.72985612774839 13.754040238542046
123624 4096 4606.962 4621.983 6237.984 162.3485741547269 219.11110620701112 219.82551798777587 10.14678588467043 13.694444137938195 13.739094874235992

160704 1 11.921 13.113 15.02 21.39866844207723 24.510638297872344 26.96149651874843 1.337416777629827 1.5319148936170215 1.6850935324217768
160704 2 15.02 15.02 15.974 40.241392262426444 42.79733688415446 42.79733688415446 2.5150870164016528 2.674833555259654 2.674833555259654
160704 4 8.821 9.06 11.921 107.84598607499372 141.9019867549669 145.74674073234328 6.740374129687107 8.868874172185432 9.109171295771455
160704 8 13.828 15.02 20.027 128.38987367054477 171.18934753661784 185.9461961238068 8.024367104409048 10.699334221038615 11.621637257737925
160704 16 26.941 26.941 36.001 142.8440321102192 190.88111057496013 190.88111057496013 8.9277520068887 11.930069410935008 11.930069410935008
160704 32 49.114 56.028 66.996 153.51746372917788 183.56992932105376 209.41189884757912 9.594841483073617 11.47312058256586 13.088243677973695
160704 64 96.798 97.036 131.13 156.86808510638298 211.984335710458 212.50554763528172 9.804255319148936 13.249020981903625 13.281596727205107
160704 128 190.02 190.973 257.015 160.06935003793555 215.42429558105073 216.50470476791918 10.004334377370972 13.46401847381567 13.531544047994949
160704 256 374.794 378.132 512.123 160.66540264741087 217.5971565485069 219.53512596252878 10.04158766546318 13.59982228428168 13.720945372658049
160704 512 747.919 762.939 1020.908 161.19072041751068 215.69338570973568 220.02502410020338 10.074420026094417 13.48083660685848 13.751564006262711
160704 1024 1492.977 1492.977 2032.995 161.89011384681226 220.446659258649 220.446659258649 10.118132115425766 13.777916203665562 13.777916203665562
160704 2048 2988.1 2992.153 4036.903 163.05657678671002 219.98994837496613 220.28833840902246 10.191036049169377 13.749371773435383 13.768021150563904

208912 1 15.974 16.928 18.12 23.05871964679912 24.68241965973535 26.15650431951922 1.441169977924945 1.5426512287334593 1.6347815199699514
208912 2 6.914 10.967 16.928 49.3648393194707 76.19658976930792 120.86317616430432 3.0853024574669186 4.762286860581745 7.55394851026902
208912 4 11.921 12.159 15.974 104.62601727807689 137.45340899745045 140.19763442664205 6.539126079879805 8.590838062340653 8.762352151665128
208912 8 19.073 19.073 25.988 128.62059412036325 175.25255596917106 175.25255596917106 8.038787132522703 10.953284748073191 10.953284748073191
208912 16 33.855 45.061 46.968 142.33486629194346 148.35853620647566 197.46518977994393 8.895929143246466 9.272408512904729 12.341574361246495
208912 32 65.088 65.088 87.976 151.97744839501684 205.41986234021633 205.41986234021633 9.498590524688552 12.83874139626352 12.83874139626352
208912 64 124.931 126.123 169.992 157.30584968704412 212.02109052274366 214.04404031025126 9.831615605440257 13.251318157671479 13.377752519390704
208912 128 246.048 247.002 334.978 159.65666999026803 216.52242491963628 217.36194563662374 9.978541874391752 13.532651557477267 13.585121602288984
208912 256 488.043 491.142 663.042 161.32152111027656 217.7841520374963 219.16704880512577 10.082595069392285 13.61150950234352 13.69794055032036
208912 512 972.986 977.993 1321.793 161.84522690012733 218.73969241088636 219.86533002530356 10.115326681257958 13.671230775680398 13.741583126581473
208912 1024 1939.058 1957.893 2631.903 162.56365679130275 218.52663858545895 220.64929259465163 10.160228549456422 13.657914911591185 13.790580787165727
208912 2048 3885.031 4034.042 5254.984 162.8365665813635 212.12063533299855 220.2565570261859 10.17728541133522 13.25753970831241 13.766034814136619

271584 1 30.041 31.948 31.948 17.001627644923 17.001627644923 18.08088945108352 1.0626017278076876 1.0626017278076876 1.13005559069272
271584 2 10.014 10.014 13.113 82.84420041180509 108.48172558418216 108.48172558418216 5.177762525737818 6.780107849011385 6.780107849011385
271584 4 15.02 15.02 20.981 103.55426338115437 144.65193075898802 144.65193075898802 6.472141461322148 9.040745672436751 9.040745672436751
271584 8 25.034 25.034 34.094 127.45186836393499 173.57769433570346 173.57769433570346 7.965741772745937 10.848605895981466 10.848605895981466
271584 16 44.823 45.061 60.081 144.6495231437559 192.8649608308737 193.88903018539588 9.040595196484745 12.054060051929607 12.118064386587243
271584 32 83.923 83.923 113.964 152.51637359166054 207.11099460219486 207.11099460219486 9.532273349478784 12.944437162637179 12.944437162637179
271584 64 163.078 164.032 219.822 158.14045909872533 211.9266484588373 213.16641116520927 9.883778693670333 13.24541552867733 13.32290069782558
271584 128 319.958 322.104 439.882 158.05489654043583 215.84799940391926 217.2957200632583 9.87843103377724 13.490499962744954 13.580982503953644
271584 256 640.869 641.108 856.161 162.41221919709028 216.89170623358314 216.9725919025573 10.150763699818143 13.555731639598946 13.560786993909831
271584 512 1266.003 1266.003 1707.077 162.91123130356746 219.66931831915093 219.66931831915093 10.181951956472966 13.729332394946933 13.729332394946933
271584 1024 2522.945 2533.913 3417.015 162.77482890768698 219.50399717748795 220.45824700895184 10.173426806730436 13.718999823592997 13.77864043805949

353056 1 36.001 37.193 38.862 18.16972878390201 18.985077837227433 19.61367739785006 1.1356080489938756 1.1865673648267145 1.2258548373656288
353056 2 12.875 13.113 17.881 78.97902801856719 107.69648440478913 109.68730097087378 4.9361892511604495 6.731030275299321 6.855456310679611
353056 4 19.073 20.027 26.941 104.83827623325044 141.03200679083236 148.0861951449693 6.5523922645781525 8.814500424427022 9.255387196560582
353056 8 31.948 32.902 42.915 131.62987300477687 171.68852957267035 176.81532490296732 8.226867062798554 10.730533098291897 11.050957806435457
353056 16 57.936 57.936 77.963 144.91222759514127 195.00469483568074 195.00469483568074 9.05701422469633 12.187793427230046 12.187793427230046
353056 32 108.957 108.957 147.104 153.60278442462473 207.38074653303596 207.38074653303596 9.600174026539046 12.961296658314748 12.961296658314748
353056 64 211.954 213.146 286.102 157.95474341318828 212.01977986919763 213.21214980608997 9.872171463324268 13.251236241824852 13.325759362880623
353056 128 416.994 444.889 562.906 160.56381704938303 203.15704816257536 216.74732969778938 10.03523856558644 12.69731551016096 13.546708106111836
353056 256 855.923 998.974 1116.991 161.83180706021804 180.95032703553844 211.19267971534822 10.114487941263627 11.309395439721152 13.199542482209264
353056 512 1668.93 1778.126 2238.035 161.53873554256302 203.32043061065414 216.62343177964323 10.096170971410189 12.707526913165884 13.538964486227702
353056 1024 3288.984 3290.176 4467.964 161.83180706021804 219.76292088933843 219.84256779601236 10.114487941263627 13.735182555583652 13.740160487250773

458968 1 44.107 45.061 48.876 18.780914968491693 20.370963804620402 20.811571859342056 1.1738071855307308 1.2731852377887751 1.3007232412088785
458968 2 16.928 17.166 22.888 80.21111499475707 106.94815332634276 108.45179584120982 5.013194687172317 6.684259582896423 6.7782372400756135
458968 4 24.796 25.034 35.048 104.76329605112987 146.67028840776544 148.07807710921116 6.547706003195617 9.16689302548534 9.254879819325698
458968 8 41.962 41.962 56.982 128.87381980274472 175.00328868976692 175.00328868976692 8.054613737671545 10.937705543110432 10.937705543110432
458968 16 75.102 76.056 101.805 144.2657629782427 193.1073945513832 195.56038454368723 9.016610186140168 12.06921215946145 12.222524033980452
458968 32 142.097 142.097 191.927 153.0475232770793 206.71760839426585 206.71760839426585 9.565470204817457 12.919850524641616 12.919850524641616
458968 64 274.897 275.85 372.171 157.85191215865825 212.97046945803876 213.70878547237695 9.86574450991614 13.310654341127423 13.356799092023559
458968 128 542.879 543.118 733.852 160.10831611823636 216.3356913230642 216.43093212299607 10.006769757389772 13.520980707691512 13.526933257687254
458968 256 1075.983 1076.937 1462.936 160.63014103146003 218.20367950957208 218.39714567981093 10.039383814466252 13.637729969348255 13.649821604988183
458968 512 2149.82 2274.036 2892.971 162.45694547231895 206.67361114775665 218.61515475714242 10.153559092019934 12.91710069673479 13.663447172321401
458968 1024 4272.938 4530.907 5841.97 160.89888582105007 207.45657856142267 219.9813018583466 10.05618036381563 12.966036160088917 13.748831366146662

596656 1 55.075 55.075 60.081 19.861720011318052 21.667035860190648 21.667035860190648 1.2413575007073783 1.3541897412619155 1.3541897412619155
596656 2 22.888 23.842 30.041 79.44555773775839 100.10166932304337 104.27403005941977 4.9653473586098995 6.2563543326902105 6.517126878713736
596656 4 33.14 34.094 45.061 105.92858569494685 140.00258109931366 144.0328304164152 6.620536605934178 8.750161318707104 9.00205190102595
596656 8 53.883 56.028 74.148 128.7492042941145 170.3879488827015 177.1708331013492 8.046825268382156 10.649246805168843 11.073177068834324
596656 16 98.944 99.182 133.038 143.51532644808248 192.50460769091166 192.96765847347993 8.969707903005155 12.031537980681978 12.060478654592496
596656 32 184.059 185.966 251.055 152.1020652844994 205.3385242463676 207.465997316078 9.506379080281212 12.833657765397975 12.966624832254874
596656 64 357.151 360.966 487.089 156.7926354321284 211.57662494528572 213.8366349247237 9.799539714508025 13.223539059080357 13.364789682795232
596656 128 703.096 710.011 962.019 158.77434437365582 215.12897124129063 217.2447802291579 9.923396523353489 13.445560702580664 13.577798764322369
596656 256 1395.941 1410.961 1932.144 158.10823209864276 216.5105002902277 218.84010284102266 9.881764506165172 13.531906268139231 13.677506427563916
596656 512 2787.113 2811.909 3778.934 161.67939000786993 217.28147817016838 219.2145578596921 10.10496187549187 13.580092385635524 13.700909866230756

775648 1 66.996 69.857 73.91 20.98898660533081 22.206736619093288 23.155054033076603 1.3118116628331755 1.3879210386933305 1.4471908770672877
775648 2 32.902 34.094 41.962 73.93813450264524 91.00111456561271 94.29797580694184 4.6211334064153275 5.687569660350794 5.893623487933865
775648 4 46.015 46.968 58.174 106.66593323477842 132.11514222449327 134.8513310876888 6.666620827173651 8.25719638903083 8.42820819298055
775648 8 76.056 77.009 97.036 127.89447215466424 161.15477411731098 163.1740822551804 7.993404509666515 10.072173382331936 10.198380140948775
775648 16 135.899 137.091 174.046 142.61020649713294 181.05299399668831 182.64104960301398 8.913137906070808 11.31581212479302 11.415065600188374
775648 32 254.154 256.062 325.918 152.31276578771346 193.86504830861276 195.32044351062743 9.519547861732091 12.116565519288297 12.207527719414214
775648 64 494.003 494.957 631.809 157.1407561462404 200.58902894594885 200.97639892875142 9.821297259140024 12.536814309121803 12.561024933046964
775648 128 967.979 980.139 1244.783 159.5184767144153 202.5895184254478 205.13449981869442 9.969904794650956 12.661844901590488 12.820906238668401
775648 256 1929.998 2023.935 2476.931 160.33219173243018 196.21765323491118 205.76797281655215 10.020761983276886 12.263603327181949 12.860498301034509
775648 512 3832.102 4013.062 4918.814 161.4746058704395 197.91958160626476 207.26576484655158 10.092162866902468 12.369973850391547 12.954110302909474

1008336 1 84.877 87.976 92.03 21.91320221666848 22.922978994271165 23.759934964713647 1.36957513854178 1.4326861871419478 1.484995935294603
1008336 2 55.075 58.174 72.956 55.28460990185866 69.33241654347303 73.23366318656377 3.455288118866166 4.333276033967064 4.577103949160236
1008336 4 71.049 71.049 93.937 85.87338322492737 113.53696744500274 113.53696744500274 5.36708645155796 7.0960604653126715 7.0960604653126715
1008336 8 114.918 115.871 154.018 104.7499383188978 139.23566725064944 140.39033049652798 6.546871144931113 8.70222920316559 8.774395656032999
1008336 16 205.994 207.901 276.804 116.56895131573246 155.20248579852912 156.63928075575018 7.285559457233279 9.70015536240807 9.789955047234386
1008336 32 402.927 434.875 519.991 124.1050402795433 148.39552515090546 160.1617762026372 7.756565017471456 9.274720321931591 10.010111012664826
1008336 64 748.873 758.886 1005.888 128.31150983012026 170.07430365035066 172.34832608466323 8.019469364382516 10.629643978146916 10.771770380291452
1008336 128 1479.864 1497.03 2078.056 124.21898928614051 172.43075689865938 174.43090446149108 7.763686830383782 10.776922306166211 10.901931528843193
1008336 256 2938.986 2978.802 3944.159 130.89432550766844 173.31398058682652 175.66195687900523 8.180895344229278 10.832123786676657 10.978872304937827
1008336 512 5848.169 5915.88 7697.105 134.14602814954455 174.53634353638006 176.5571521616424 8.384126759346534 10.908521471023754 11.03482201010265

1310832 1 108.004 112.772 118.017 22.214291161442844 23.247472776930444 24.273767638235622 1.3883931975901778 1.4529670485581527 1.5171104773897264
1310832 2 98.944 102.043 120.878 43.37702476877513 51.38351479278343 52.99288486416559 2.7110640480484456 3.2114696745489644 3.3120553040103493
1310832 4 122.07 128.031 160.217 65.45282959985519 81.90716310893457 85.90690587367905 4.0908018499909495 5.1191976943084105 5.369181617104941
1310832 8 204.086 211.0 262.022 80.04408790101596 99.39958293838863 102.76702958556686 5.002755493813497 6.21247393364929 6.422939349097929
1310832 16 389.099 396.013 475.168 88.27745976160011 105.9223409332522 107.8045021960992 5.517341235100007 6.620146308328263 6.7377813872562
1310832 32 698.09 724.077 867.844 96.66858098921003 115.8623295588729 120.17540431749488 6.041786311825627 7.241395597429556 7.51096276984343
1310832 64 1357.079 1379.013 1730.919 96.93492069819558 121.67143892044528 123.63797243933479 6.058432543637224 7.60446493252783 7.727373277458424
1310832 128 2658.129 2720.118 3385.067 99.13333827661315 123.36707157557136 126.24405813261885 6.195833642288322 7.71044197347321 7.890253633288678
1310832 256 5316.019 5388.975 6838.083 98.1482652374942 124.540563650787 126.2497338704019 6.1342665773433875 7.783785228174188 7.890608366900119

1704080 1 137.091 151.873 159.979 21.303796123241174 22.44085518821647 24.86056706858947 1.3314872577025734 1.4025534492635294 1.553785441786842
1704080 2 151.873 164.032 183.821 37.08129103856469 41.55481857198595 44.88171037643294 2.3175806899102933 2.5971761607491217 2.805106898527059
1704080 4 198.126 222.206 249.863 54.56045913160411 61.35135864918139 68.80793030697637 3.410028695725257 3.834459915573837 4.300495644186023
1704080 8 330.925 375.032 418.901 65.08764600705179 72.70120949678962 82.39111581173981 4.067977875440737 4.543825593549351 5.149444738233738
1704080 16 594.139 612.974 758.886 71.85606270243488 88.96064107123628 91.78081223417415 4.49100391890218 5.560040066952268 5.736300764635884
1704080 32 1128.912 1161.098 1431.942 76.16308481768115 93.92929795762288 96.60728205564295 4.760192801105072 5.87058112235143 6.037955128477685
1704080 64 2207.994 2260.923 2739.191 79.63016817739253 96.47486446906862 98.78751482114535 4.976885511087033 6.029679029316789 6.174219676321584
1704080 128 4341.125 4442.93 5450.964 80.03070282614232 98.18846571969398 100.49111232687379 5.001918926633895 6.136779107480874 6.280694520429612
1704080 256 8609.056 8836.985 10748.148 81.1757486033873 98.73151985660267 101.34548549806156 5.073484287711707 6.170719991037667 6.334092843628848

2215304 1 180.96 181.913 198.841 22.282165147027023 24.355642532419342 24.48390804597701 1.392635321689189 1.5222276582762089 1.5302442528735631
2215304 2 210.047 211.0 254.154 34.86553821698655 41.99628436018957 42.18682485348518 2.1790961385616594 2.624767772511848 2.6366765533428236
2215304 4 272.989 273.943 339.985 52.127099724987865 64.69386697232636 64.91994915546049 3.2579437328117415 4.043366685770398 4.05749682221628
2215304 8 458.956 459.909 571.966 61.970228999625846 77.06929849165813 77.22932917316693 3.8731393124766154 4.816831155728633 4.826833073322933
2215304 16 826.12 829.22 1003.981 70.60863502396958 85.48965051494176 85.81044884520409 4.413039688998099 5.34310315718386 5.363153052825256
2215304 32 1574.993 1616.001 1909.018 74.26826567376526 87.73475758987773 90.01910230712136 4.6417666046103285 5.483422349367358 5.626193894195085
2215304 64 3061.056 3064.156 3710.032 76.43031434769296 92.54062521620962 92.63434318091535 4.77689464673081 5.783789076013101 5.7896464488072095
2215304 128 6002.903 6038.189 7333.994 77.327282242118 93.9218404723668 94.47392769798212 4.832955140132375 5.870115029522925 5.9046204811238825

2879888 1 232.935 241.995 288.963 19.932572682315726 23.801219033451105 24.72696675038101 1.2457857926447329 1.487576189590694 1.545435421898813
2879888 2 281.096 290.155 340.939 33.787721557228714 39.701373403870356 40.98084640122948 2.1117325973267946 2.4813358377418973 2.5613029000768424
2879888 4 355.959 360.012 432.968 53.2120249071525 63.99537793184672 64.72403844262963 3.325751556697031 3.99971112074042 4.045252402664352
2879888 8 593.185 600.1 721.931 63.826332433432 76.78421596400601 77.67932095383397 3.9891457770895 4.799013497750376 4.854957559614623
2879888 16 1065.969 1088.142 1309.872 70.3552835696923 84.6915347445462 86.45318578682871 4.397205223105769 5.293220921534138 5.4033241116767945
2879888 32 2018.929 2054.93 2483.845 74.20464320438676 89.69299781501074 91.29237927633909 4.637790200274172 5.605812363438171 5.705773704771193
2879888 64 3916.979 3987.074 4879.951 75.53880438553584 92.45518493010162 94.10968606163067 4.72117527409599 5.7784490581313515 5.881855378851917
2879888 128 7743.12 7833.004 9664.059 76.2879580929711 94.12114790187776 95.21372883282191 4.7679973808106935 5.88257174386736 5.95085805205137

3743848 1 293.97 296.116 330.925 22.626564931631034 25.286360750516693 25.470952818314796 1.4141603082269396 1.5803975469072933 1.5919345511446747
3743848 2 373.125 380.993 446.081 33.571015129539255 39.30621297504154 40.13505393634841 2.0981884455962034 2.456638310940096 2.508440871021776
3743848 4 463.963 465.87 560.999 53.388301939932155 64.29000364908666 64.55425109329839 3.3367688712457597 4.018125228067916 4.034640693331149
3743848 8 768.9 776.768 946.999 63.254098473176846 77.11642086182746 77.90553778124594 3.953381154573553 4.8197763038642165 4.869096111327871
3743848 16 1384.02 1405.001 1729.965 69.25176867740099 85.26907525332723 86.56170864582883 4.328235542337562 5.329317203332952 5.410106790364302
3743848 32 2625.942 2644.062 3220.797 74.39347217474433 90.62051948857479 91.2458355896665 4.649592010921521 5.663782468035924 5.702864724354156
3743848 64 5110.025 5140.066 6294.012 76.13785038859157 93.23081532416121 93.77890401710364 4.758615649286973 5.826925957760076 5.861181501068978
3743848 128 10091.782 10176.182 12392.044 77.34196941198725 94.18317085916898 94.9708473686808 4.833873088249203 5.886448178698061 5.93567796054255

4867000 1 380.993 388.145 422.001 23.06629605143116 25.078256837006787 25.54902583512033 1.4416435032144475 1.5673910523129242 1.5968141146950205
4867000 2 483.99 500.917 579.119 33.61657966670062 38.86472209966921 40.22397156966053 2.101036229168789 2.4290451312293255 2.513998223103783
4867000 4 602.007 607.967 750.065 51.91016778545859 64.04294969957252 64.67698880577801 3.244385486591162 4.002684356223282 4.042311800361126
4867000 8 1004.934 1009.941 1258.85 61.859633792747346 77.1054942813491 77.48966598801515 3.866227112046709 4.8190933925843185 4.843104124250947
4867000 16 1820.803 1832.008 2271.891 68.55258460903273 85.01272920205588 85.53588718823507 4.284536538064546 5.3132955751284925 5.345992949264692
4867000 32 3449.917 3468.99 4281.044 72.75982213684327 89.79212969769299 90.28854897088829 4.547488883552704 5.612008106105812 5.643034310680518
4867000 64 6701.946 6731.033 8177.042 76.18598510317055 92.55280727341554 92.95449411260549 4.7616240689481595 5.784550454588471 5.809655882037843

6327096 1 494.003 497.818 552.893 22.88723496228022 25.41931388579762 25.615617718920735 1.4304521851425138 1.5887071178623513 1.600976107432546
6327096 2 648.975 668.049 801.086 31.592593054927935 37.88402347731978 38.997471397203284 1.974537065932996 2.367751467332486 2.4373419623252053
6327096 4 776.052 782.013 1020.193 49.61489443664091 64.7262487963755 65.22342317267399 3.100930902290057 4.045390549773469 4.076463948292124
6327096 8 1294.136 1306.057 1688.004 59.972331819118914 77.51081001824576 78.22480481185903 3.748270738694932 4.84442562614036 4.889050300741189
6327096 16 2351.046 2390.146 2900.839 69.79603900802492 84.70908136992468 86.11786923777757 4.3622524380015575 5.294317585620292 5.382366827361098
6327096 32 4441.977 4478.931 5604.029 72.2576817500409 90.40865867324146 91.16079259302784 4.516105109377556 5.650541167077591 5.69754953706424
6327096 64 8679.867 8709.908 10767.937 75.21109085240748 92.98241588774532 93.3042278182373 4.7006931782754675 5.811400992984082 5.831514238639831

8225224 1 635.147 645.876 727.892 22.6001219961203 25.469978757532406 25.900221523521324 1.4125076247575188 1.5918736723457754 1.6187638452200828
8225224 2 864.983 905.037 1019.955 32.25720350407615 36.3530949563388 38.036465456546544 2.0160752190047595 2.272068434771175 2.377279091034159
8225224 4 1034.021 1039.982 1255.035 52.43024457485249 63.27204893930856 63.6368042815378 3.2768902859282805 3.954503058706785 3.9773002675961124
8225224 8 1723.051 1778.126 2139.091 61.52313482689609 74.01251879788047 76.37822908317861 3.8451959266810056 4.62578242486753 4.773639317698663
8225224 16 3089.905 3166.914 3858.805 68.2095021645302 83.11156160224117 85.18293216134477 4.263093885283138 5.194472600140073 5.323933260084048
8225224 32 5884.886 5960.941 7379.055 71.33899069731828 88.31061001945834 89.45191733535704 4.4586869185823925 5.519413126216146 5.590744833459815
8225224 64 11272.907 11734.009 14294.863 73.65084030536005 89.72454955505829 93.39460282959844 4.603177519085003 5.607784347191143 5.8371626768499025

10692784 1 837.088 849.009 971.079 22.02248014837104 25.188859010917437 25.54757444856455 1.37640500927319 1.5743036881823398 1.5967234030352844
10692784 2 1245.022 1248.837 1672.983 25.565792360113644 34.2487738591986 34.3537190507477 1.5978620225071027 2.1405483661999125 2.147107440671731
10692784 4 1359.94 1366.138 1863.003 45.91633615190099 62.61612809247676 62.90150447813874 2.869771009493812 3.9135080057797973 3.9313440298836713
10692784 8 2249.002 2268.076 2856.97 59.88321333440673 75.43157460332017 76.07131696636998 3.742700833400421 4.714473412707511 4.754457310398124
10692784 16 4085.064 4121.065 5182.981 66.01781638790496 83.02928684696798 83.76101035381575 4.12611352424406 5.189330427935499 5.235063147113484
10692784 32 7623.911 7675.171 10031.939 68.21594270060852 89.16259663791203 89.76208877569532 4.263496418788033 5.572662289869502 5.610130548480957

13900616 1 1070.023 1086.95 1163.006 23.904633338091116 25.577286903721422 25.981901323616412 1.4940395836306948 1.5985804314825889 1.6238688327260258
13900616 2 1642.942 1677.99 2044.916 27.19058582357417 33.136350037842895 33.84323001055424 1.6994116139733857 2.071021877365181 2.11520187565964
13900616 4 1803.16 2006.054 2717.972 40.91467020263637 55.43466327426878 61.67224650058785 2.5571668876647733 3.4646664546417987 3.854515406286741
13900616 8 3160.0 3176.928 4097.939 54.27358874790473 70.00783650117346 70.38286582278481 3.3920992967440458 4.375489781323341 4.3989291139240505
13900616 16 5579.948 5614.996 7919.073 56.17067957322782 79.21995171501457 79.71753715267596 3.510667473326739 4.951246982188411 4.982346072042247
13900616 32 10581.017 10745.049 13074.875 68.04190663390663 82.79528776462534 84.0788200226878 4.252619164619165 5.174705485289084 5.254926251417987

18070800 1 1406.908 1415.968 1540.899 23.45487926204119 25.524305634025627 25.688673317658303 1.4659299538775743 1.5952691021266017 1.605542082353644
18070800 2 2480.984 2495.05 2933.025 24.64459048252231 28.970641870904387 29.13489163976874 1.5402869051576444 1.8106651169315242 1.8209307274855462
18070800 4 3034.115 3062.963 4216.909 34.28255150869986 47.19821950183532 47.64697448844227 2.1426594692937413 2.9498887188647074 2.9779359055276418
18070800 8 4379.034 4718.065 5623.102 51.418736490997325 61.28207220544864 66.02661682919111 3.213671030687333 3.83012951284054 4.1266635518244446
18070800 16 7894.993 7986.069 10481.834 55.16836080403487 72.40929173038701 73.24459945689628 3.4480225502521793 4.525580733149188 4.577787466056018
18070800 32 15159.845 15286.207 20272.017 57.05062303371194 75.658480877565 76.28911773174462 3.5656639396069965 4.728655054847812 4.768069858234039

23492040 1 1818.895 1842.022 1989.841 23.611977037361275 25.506796335765802 25.831111746417466 1.4757485648350797 1.5941747709853626 1.6144444841510917
23492040 2 3047.943 3284.931 3875.971 24.243772721725726 28.60582459722898 30.830025364647565 1.5152357951078579 1.7878640373268113 1.9268765852904728
23492040 4 3957.987 4445.076 5033.016 37.3406959167227 42.27966405973711 47.48280375857727 2.333793494795169 2.6424790037335693 2.9676752349110793
23492040 8 6349.087 6639.957 8206.844 45.799900668271505 56.607691887161316 59.201053631805635 2.862493791766969 3.5379807429475822 3.700065851987852
23492040 16 11633.873 11657.953 15923.977 47.20838770364965 64.4834714979551 64.6169405493768 2.950524231478103 4.030216968622193 4.03855878433605
23492040 32 27512.789 28022.051 28172.016 53.36822753472807 53.653837115634396 54.64697017812335 3.3355142209205044 3.3533648197271497 3.415435636132709

30539648 1 2348.9 2418.995 2593.04 23.555092092678862 25.2498645098481 26.003361573502488 1.4721932557924289 1.5781165318655062 1.6252100983439055
30539648 2 4246.95 4523.993 4893.064 24.965664050173878 27.002383071768676 28.76384040311282 1.5603540031358674 1.6876489419855423 1.7977400251945512
30539648 4 5855.083 5928.993 7117.033 34.32851639159183 41.20719724243223 41.72736475298471 2.1455322744744896 2.5754498276520144 2.6079602970615445
30539648 8 9016.991 9327.888 12351.99 39.559161560202035 52.3842447507946 54.190402097551164 2.472447597512627 3.2740152969246625 3.3869001310969478
30539648 16 16937.017 17232.895 24123.192 40.51158470238931 56.70949286234262 57.70016857159676 2.5319740438993317 3.544343303896414 3.6062605357247977
30539648 32 31821.012 32317.162 40651.083 48.0808216597821 60.47986119573246 61.42285707318172 3.0050513537363814 3.779991324733279 3.8389285670738573

39701536 1 3042.936 3136.158 3455.877 22.976243656819964 25.31858152554814 26.094230046244814 1.4360152285512477 1.5824113453467588 1.6308893778903009
39701536 2 5897.045 6057.978 6695.032 23.71999775355816 26.214381102077294 26.929783306723962 1.482499859597385 1.6383988188798309 1.6831114566702476
39701536 4 8249.998 8736.134 9932.041 31.978551840452536 36.35616028783442 38.498468484477215 1.9986594900282835 2.2722600179896513 2.406154280279826
39701536 8 13532.162 14021.158 16165.018 39.29624922162166 45.30471563047789 46.941839448862645 2.4560155763513536 2.831544726904868 2.9338649655539153
39701536 16 23858.07 24780.035 29300.928 43.35866604634502 51.26906204934739 53.25029023722372 2.709916627896564 3.204316378084212 3.3281431398264827
39701536 32 43544.054 45667.171 55752.039 45.57498433375684 55.63949437551103 58.35235975042655 2.8484365208598024 3.4774683984694392 3.6470224844016594

51611992 1 4014.969 4018.068 4533.052 22.771409637480446 25.68995447563356 25.70978356246337 1.4232131023425278 1.6056221547270975 1.6068614726539607
51611992 2 7832.05 8070.946 8909.941 23.17052020883191 25.579153670461924 26.359378196002325 1.4481575130519944 1.5986971044038703 1.6474611372501453
51611992 4 11291.981 11643.887 17082.93 24.17008885478077 35.46031801923189 36.565411861745076 1.510630553423798 2.2162698762019932 2.2853382413590673
51611992 8 17864.943 18892.05 22314.787 37.00648686451724 43.711078046056414 46.22415375184797 2.3129054290323277 2.731942377878526 2.8890096094904982
51611992 16 31666.994 34142.017 39531.946 41.778457959038995 48.3739359628343 52.15473701103427 2.611153622439937 3.023370997677144 3.259671063189642
51611992 32 67611.933 68288.088 74733.019 44.19957245404471 48.37106418911598 48.8548003501098 2.7624732783777945 3.0231915118197485 3.0534250218818624

67095584 1 5147.219 5332.947 5838.871 22.98238272433147 25.16266672067058 26.07061560815656 1.4363989202707168 1.5726666700419112 1.629413475509785
67095584 2 10405.064 10550.976 11439.085 23.461870945097445 25.436730782062245 25.793434427697896 1.4663669340685903 1.5897956738788903 1.6120896517311185
67095584 4 15141.01 15434.027 17081.976 31.42286770570337 34.778005247755495 35.451047981607566 1.9639292316064607 2.1736253279847184 2.215690498850473
67095584 8 25089.979 25753.975 28737.068 37.35695457866474 41.68402524270525 42.787175868102565 2.3348096611665463 2.6052515776690783 2.6741984917564103
67095584 16 45617.104 45911.074 51514.149 41.67900915921177 46.76559489764931 47.06696610990474 2.604938072450736 2.9228496811030817 2.9416853818690463
67095584 32 84841.967 86473.942 99189.997 43.29183895428488 49.65793482619308 50.61312847685391 2.705739934642805 3.1036209266370673 3.1633205298033693

87224256 1 6669.044 6751.776 7501.125 23.256313153027047 25.83742588616684 26.15794887543102 1.4535195720641905 1.6148391178854276 1.6348718047144388
87224256 2 13370.991 13569.832 15063.047 23.162446747991954 25.711226491234378 26.09358004952662 1.4476529217494971 1.6069516557021486 1.6308487530954137
87224256 4 20035.028 20216.942 22312.88 31.273150216377267 34.51531136608099 34.82870340884974 1.9545718885235792 2.1572069603800617 2.176793963053109
87224256 8 33271.074 33780.098 37286.997 37.42827817429223 41.31391495667064 41.94598875888407 2.3392673858932644 2.582119684791915 2.6216242974302544
87224256 16 64575.911 64749.002 67361.116 41.43601468835522 43.10763263965057 43.22317949180771 2.5897509180222014 2.6942270399781605 2.701448718237982
87224256 32 111753.941 112884.998 128485.918 43.447192275187696 49.45167633346638 49.95217469780327 2.715449517199231 3.090729770841649 3.1220109186127045

113391528 1 8754.015 8767.843 9715.08 23.34340592151583 25.865318984384185 25.906176308813734 1.4589628700947395 1.6165824365240116 1.6191360193008584
113391528 2 17652.035 17843.962 19200.802 23.622248279004182 25.418464352255405 25.694834165012704 1.4763905174377614 1.5886540220159628 1.605927135313294
113391528 4 26203.871 26288.033 29074.192 31.200599624574263 34.5074210763506 34.61825254749575 1.9500374765358914 2.1567138172719127 2.1636407842184844
113391528 8 43654.919 43749.094 48056.126 37.75303169464805 41.4697604480678 41.559221493458736 2.359564480915503 2.5918600280042376 2.597451343341171
113391528 16 78080.177 78378.916 88934.898 40.799831984965 46.29470629575944 46.47183235765462 2.5499894990603127 2.893419143484965 2.9044895223534137
113391528 32 152059.078 152688.98 162426.949 44.67890234150739 47.52836643482719 47.72525183928841 2.792431396344212 2.9705229021766995 2.9828282399555257

147408984 1 11449.814 11610.031 12503.147 23.57950106481192 25.393383359613765 25.74871242449877 1.473718816550745 1.5870864599758603 1.609294526531173
147408984 2 22814.035 22946.835 25053.024 23.535519544466965 25.69574130811504 25.84531565766424 1.4709699715291853 1.60598383175719 1.615332228604015
147408984 4 34083.128 34252.167 37069.082 31.812815650519745 34.42911720008839 34.59987217135704 1.988300978157484 2.1518198250055245 2.162492010709815
147408984 8 56805.849 56890.011 65007.925 36.28086489454939 41.457959007953086 41.51938199180862 2.267554055909337 2.591122437997068 2.594961374488039
147408984 16 101866.007 102721.214 112556.934 41.90845752781432 45.92125914711249 46.30678699323121 2.619278595488395 2.8700786966945304 2.894174187076951
147408984 32 196913.004 197577.953 215772.152 43.72285713681902 47.74912804162922 47.910370490310534 2.732678571051189 2.9843205026018262 2.9943981556444084

191631672 1 14899.015 15013.933 16417.027 23.34547808199378 25.52717825502485 25.724072631647125 1.4590923801246112 1.5954486409390531 1.6077545394779453
191631672 2 29469.967 29862.165 32915.115 23.287984501952984 25.668825016538488 26.01043591260214 1.4554990313720615 1.6043015635336555 1.6256522445376338
191631672 4 44488.192 44604.063 49142.838 31.19586573327328 34.370262995996576 34.459781507866175 1.94974160832958 2.148141437249786 2.153736344241636
191631672 8 73882.103 74060.917 82005.978 37.38882001992586 41.3997946042175 41.49999292792193 2.336801251245366 2.5874871627635936 2.5937495579951206
191631672 16 132652.998 137469.769 149159.908 41.11167394927597 44.60772392801504 46.227477678265515 2.569479621829748 2.78798274550094 2.8892173548915947
191631672 32 250889.063 255849.838 280045.033 43.79448146827157 47.93603585553179 48.88386469042695 2.737155091766973 2.996002240970737 3.055241543151684

249121168 1 19427.061 20032.883 21382.093 23.301850571878067 24.871224775784892 25.646819969320113 1.4563656607423792 1.5544515484865558 1.602926248082507
249121168 2 38651.943 39474.01 43395.042 22.963099609397773 25.24407000960885 25.78097230454883 1.4351937255873608 1.5777543756005532 1.6113107690343018
249121168 4 57760.954 58739.901 65051.079 30.63699134029737 33.92871472493629 34.50374701221175 1.9148119587685857 2.1205446703085182 2.156484188263234
249121168 8 101025.105 101756.096 108944.893 36.58674195953361 39.17149777444292 39.45493239526948 2.2866713724708507 2.4482186109026824 2.4659332747043425
249121168 16 172728.062 174801.826 190156.937 41.92262192359567 45.60522940990331 46.1527633882675 2.6201638702247294 2.850326838118957 2.884547711766719
249121168 32 329679.012 330641.031 362399.101 43.995017393820746 48.220738677771664 48.361449081265754 2.7496885871137966 3.013796167360729 3.0225905675791096

323857512 1 24764.061 25228.024 27528.048 23.52927545026077 25.674425551521594 26.15544453714599 1.470579715641298 1.6046515969700996 1.6347152835716243
323857512 2 50081.968 50390.959 57982.922 22.341579267081435 25.707588696615197 25.86619695136581 1.3963487041925897 1.6067242935384498 1.6166373094603632
323857512 4 75248.003 75355.053 83340.168 31.087771457336153 34.38203534937465 34.4309482339352 1.9429857160835096 2.1488772093359154 2.15193426462095
323857512 8 125072.002 125213.146 137357.95 37.72421029871224 41.38319623404399 41.42989725230432 2.357763143669515 2.5864497646277496 2.58936857826902
323857512 16 229104.996 229522.943 250122.07 41.433530371790056 45.1520891486652 45.23445828304853 2.5895956482368785 2.822005571791575 2.8271536426905333
323857512 32 428890.944 429600.0 473458.052 43.77764974203037 48.24692916201118 48.326692502978105 2.736103108876898 3.0154330726256986 3.0204182814361316

421014760 1 32579.899 33123.97 36005.974 23.385828140630217 25.420549529540086 25.845062318947026 1.4616142587893886 1.5887843455962554 1.615316394934189
421014760 2 65330.982 65723.896 72337.151 23.280693484873353 25.62323815983155 25.777341598814477 1.4550433428045846 1.601452384989472 1.6110838499259048
421014760 4 97791.91 97878.933 107945.919 31.20190287138136 34.41106249084264 34.441684184305224 1.950118929461335 2.150691405677665 2.1526052615190765
421014760 8 167115.927 167588.949 181138.039 37.18841275520268 40.19499018398881 40.30876219236722 2.3242757972001673 2.5121868864993004 2.519297637022951
421014760 16 291926.146 292381.048 323143.959 41.69185882877668 46.07847332156768 46.15027637846457 2.6057411767985426 2.87990458259798 2.8843922736540355
421014760 32 559947.968 560085.058 614915.133 43.81896491722867 48.10866538060724 48.120443648078385 2.738685307326792 3.0067915862879526 3.007527728004899

META_DATA
FLOPS          1
ERT_VERSION  1.1.0
HOSTNAME  ('dev-amd24.i', ['dev-amd24'], ['192.168.17.192'])
UNAME  uname_result(system='Linux', node='dev-amd24', release='5.15.0-126-generic', version='#136-Ubuntu SMP Wed Nov 6 10:38:22 UTC 2024', machine='x86_64')
TIMESTAMP_DATA  1759347775.6713934
CONFIG  {'ERT_RESULTS': ['Results.EPYC9654.01'], 'ERT_DRIVER': ['driver1'], 'ERT_KERNEL': ['kernel1'], 'ERT_HIP': ['False'], 'ERT_GPU': ['False'], 'ERT_GPU_CFLAGS': ['-O3', '-gencode', 'arch=compute_70,code=sm_70'], 'ERT_GPU_LDFLAGS': [], 'ERT_FLOPS': ['1,2,4'], 'ERT_ALIGN': ['64'], 'ERT_CC': ['g++'], 'ERT_CFLAGS': ['-O3', '-march=native', '-fopenmp'], 'ERT_LD': ['g++'], 'ERT_LDFLAGS': ['-fopenmp'], 'ERT_LDLIBS': [], 'ERT_RUN': ['srun', '-n', '1', './ERT_CODE'], 'ERT_PRECISION': ['FP64'], 'ERT_BLOCKS_THREADS': ['16384'], 'ERT_GPU_BLOCKS': ['8192,4096,2048,1024'], 'ERT_GPU_THREADS': ['32,64,128,256'], 'ERT_NUM_EXPERIMENTS': ['3'], 'ERT_WSS_MULT': ['1.3'], 'ERT_MEMORY_MAX': ['536870912'], 'ERT_WORKING_SET_MIN': ['512'], 'ERT_TRIALS_MIN': ['32'], 'ERT_GNUPLOT': ['gnuplo'], 'ERT_MPI': [False], 'ERT_OPENMP': [False], 'ERT_OCL': [False], 'ERT_SYCL': [False]}
TIMESTAMP_DATA  1759347788.699718
TIMESTAMP_DATA  1759347802.8766682
