srun: job 62475566 queued and waiting for resources
srun: job 62475566 has been allocated resources
fp64
        4096            1           1.192         8192          512
        4096            2           0.000        16384         1024
        4096            4           0.954        32768         2048
        4096            8           1.192        65536         4096
        4096           16           0.954       131072         8192
        4096           32           0.954       262144        16384
        4096           64           2.146       524288        32768
        4096          128           4.053      1048576        65536
        4096          256           9.060      2097152       131072
        4096          512          16.928      4194304       262144
        4096         1024          34.094      8388608       524288
        4096         2048          67.949     16777216      1048576
        4096         4096         135.899     33554432      2097152
        4096         8192         280.857     67108864      4194304
        4096        16384         541.925    134217728      8388608
        4096        32768        1080.990    268435456     16777216
        4096        65536        2162.933    536870912     33554432
        4096       131072        4330.158   1073741824     67108864
        5320            1           0.954        10640          665
        5320            2           0.000        21280         1330
        5320            4           0.000        42560         2660
        5320            8           0.000        85120         5320
        5320           16           0.954       170240        10640
        5320           32           1.907       340480        21280
        5320           64           3.815       680960        42560
        5320          128          17.166      1361920        85120
        5320          256          10.967      2723840       170240
        5320          512          22.888      5447680       340480
        5320         1024          46.015     10895360       680960
        5320         2048          91.791     21790720      1361920
        5320         4096         185.013     43581440      2723840
        5320         8192         380.993     87162880      5447680
        5320        16384         742.197    174325760     10895360
        5320        32768        1482.964    348651520     21790720
        5320        65536        2964.020    697303040     43581440
        6912            1           0.954        13824          864
        6912            2           0.954        27648         1728
        6912            4           0.954        55296         3456
        6912            8           1.192       110592         6912
        6912           16           0.954       221184        13824
        6912           32           2.146       442368        27648
        6912           64           3.815       884736        55296
        6912          128          16.928      1769472       110592
        6912          256          14.067      3538944       221184
        6912          512          28.133      7077888       442368
        6912         1024          55.075     14155776       884736
        6912         2048         110.865     28311552      1769472
        6912         4096         220.776     56623104      3538944
        6912         8192         452.042    113246208      7077888
        6912        16384         880.957    226492416     14155776
        6912        32768        1763.105    452984832     28311552
        6912        65536        3533.125    905969664     56623104
        8984            1           0.954        17968         1123
        8984            2           0.954        35936         2246
        8984            4           0.954        71872         4492
        8984            8           1.192       143744         8984
        8984           16           0.954       287488        17968
        8984           32           3.099       574976        35936
        8984           64          15.974      1149952        71872
        8984          128          10.014      2299904       143744
        8984          256          19.073      4599808       287488
        8984          512          36.955      9199616       574976
        8984         1024          75.102     18399232      1149952
        8984         2048         149.012     36798464      2299904
        8984         4096         299.215     73596928      4599808
        8984         8192         597.954    147193856      9199616
        8984        16384        1194.954    294387712     18399232
        8984        32768        2397.776    588775424     36798464
       11672            1           2.146        23344         1459
       11672            2           0.954        46688         2918
       11672            4           0.954        93376         5836
       11672            8           0.954       186752        11672
       11672           16           2.146       373504        23344
       11672           32           3.815       747008        46688
       11672           64          18.120      1494016        93376
       11672          128          12.159      2988032       186752
       11672          256          23.842      5976064       373504
       11672          512          46.968     11952128       747008
       11672         1024          92.983     23904256      1494016
       11672         2048         187.159     47808512      2988032
       11672         4096         374.079     95617024      5976064
       11672         8192         748.873    191234048     11952128
       11672        16384        1512.051    382468096     23904256
       11672        32768        2995.014    764936192     47808512
       15168            1           0.954        30336         1896
       15168            2           0.000        60672         3792
       15168            4           0.954       121344         7584
       15168            8           1.907       242688        15168
       15168           16           3.099       485376        30336
       15168           32           5.007       970752        60672
       15168           64          18.120      1941504       121344
       15168          128          15.974      3883008       242688
       15168          256          30.994      7766016       485376
       15168          512          61.035     15532032       970752
       15168         1024         123.024     31064064      1941504
       15168         2048         264.883     62128128      3883008
       15168         4096         524.998    124256256      7766016
       15168         8192        1024.961    248512512     15532032
       15168        16384        2037.048    497025024     31064064
       15168        32768        4085.064    994050048     62128128
       19712            1           2.146        39424         2464
       19712            2           0.000        78848         4928
       19712            4           0.954       157696         9856
       19712            8           1.907       315392        19712
       19712           16           4.053       630784        39424
       19712           32          16.928      1261568        78848
       19712           64          16.928      2523136       157696
       19712          128          21.935      5046272       315392
       19712          256          41.008     10092544       630784
       19712          512          79.870     20185088      1261568
       19712         1024         160.217     40370176      2523136
       19712         2048         330.925     80740352      5046272
       19712         4096         636.101    161480704     10092544
       19712         8192        1281.023    322961408     20185088
       19712        16384        2547.979    645922816     40370176
       25624            1           3.099        51248         3203
       25624            2           0.954       102496         6406
       25624            4           1.907       204992        12812
       25624            8           3.099       409984        25624
       25624           16           5.007       819968        51248
       25624           32          18.120      1639936       102496
       25624           64          15.020      3279872       204992
       25624          128          28.133      6559744       409984
       25624          256          56.028     13119488       819968
       25624          512         109.911     26238976      1639936
       25624         1024         220.060     52477952      3279872
       25624         2048         440.836    104955904      6559744
       25624         4096         877.857    209911808     13119488
       25624         8192        1682.997    419823616     26238976
       25624        16384        3369.808    839647232     52477952
       33304            1           3.099        66608         4163
       33304            2           0.954       133216         8326
       33304            4           1.907       266432        16652
       33304            8           2.861       532864        33304
       33304           16          15.974      1065728        66608
       33304           32          10.014      2131456       133216
       33304           64          17.881      4262912       266432
       33304          128          37.193      8525824       532864
       33304          256          72.002     17051648      1065728
       33304          512         144.005     34103296      2131456
       33304         1024         287.056     68206592      4262912
       33304         2048         572.920    136413184      8525824
       33304         4096        1157.999    272826368     17051648
       33304         8192        2296.925    545652736     34103296
       43288            1           4.053        86576         5411
       43288            2           2.146       173152        10822
       43288            4           3.099       346304        21644
       43288            8           5.960       692608        43288
       43288           16          20.981      1385216        86576
       43288           32          20.027      2770432       173152
       43288           64          36.955      5540864       346304
       43288          128          73.910     11081728       692608
       43288          256         146.151     22163456      1385216
       43288          512         299.931     44326912      2770432
       43288         1024         553.131     88653824      5540864
       43288         2048        1151.085    177307648     11081728
       43288         4096        2197.981    354615296     22163456
       43288         8192        4419.088    709230592     44326912
       56272            1           5.007       112544         7034
       56272            2           1.907       225088        14068
       56272            4           4.053       450176        28136
       56272            8          16.928       900352        56272
       56272           16          12.875      1800704       112544
       56272           32          24.080      3601408       225088
       56272           64          48.161      7202816       450176
       56272          128         108.957     14405632       900352
       56272          256         185.013     28811264      1800704
       56272          512         369.072     57622528      3601408
       56272         1024         736.952    115245056      7202816
       56272         2048        1410.007    230490112     14405632
       56272         4096        2897.978    460980224     28811264
       56272         8192        5748.987    921960448     57622528
       73152            1           7.153       146304         9144
       73152            2           2.861       292608        18288
       73152            4          14.782       585216        36576
       73152            8          10.014      1170432        73152
       73152           16          15.974      2340864       146304
       73152           32          30.994      4681728       292608
       73152           64          60.081      9363456       585216
       73152          128         118.017     18726912      1170432
       73152          256         234.127     37453824      2340864
       73152          512         459.909     74907648      4681728
       73152         1024         917.196    149815296      9363456
       73152         2048        1833.916    299630592     18726912
       73152         4096        3744.841    599261184     37453824
       95096            1           8.821       190192        11887
       95096            2           4.053       380384        23774
       95096            4          15.974       760768        47548
       95096            8          12.875      1521536        95096
       95096           16          22.173      3043072       190192
       95096           32          41.962      6086144       380384
       95096           64          82.016     12172288       760768
       95096          128         169.039     24344576      1521536
       95096          256         336.170     48689152      3043072
       95096          512         626.087     97378304      6086144
       95096         1024        1266.003    194756608     12172288
       95096         2048        2576.113    389513216     24344576
       95096         4096        4882.097    779026432     48689152
      123624            1          10.014       247248        15453
      123624            2           5.007       494496        30906
      123624            4          19.073       988992        61812
      123624            8          15.974      1977984       123624
      123624           16          28.133      3955968       247248
      123624           32          51.975      7911936       494496
      123624           64         101.089     15823872       988992
      123624          128         198.126     31647744      1977984
      123624          256         393.867     63295488      3955968
      123624          512         785.828    126590976      7911936
      123624         1024        1610.041    253181952     15823872
      123624         2048        3139.019    506363904     31647744
      123624         4096        6237.984   1012727808     63295488
      160704            1          15.020       321408        20088
      160704            2          15.974       642816        40176
      160704            4          11.921      1285632        80352
      160704            8          20.027      2571264       160704
      160704           16          36.001      5142528       321408
      160704           32          66.996     10285056       642816
      160704           64         131.130     20570112      1285632
      160704          128         257.015     41140224      2571264
      160704          256         512.123     82280448      5142528
      160704          512        1020.908    164560896     10285056
      160704         1024        2032.995    329121792     20570112
      160704         2048        4036.903    658243584     41140224
      208912            1          18.120       417824        26114
      208912            2          10.967       835648        52228
      208912            4          15.974      1671296       104456
      208912            8          25.988      3342592       208912
      208912           16          46.968      6685184       417824
      208912           32          87.976     13370368       835648
      208912           64         169.992     26740736      1671296
      208912          128         334.978     53481472      3342592
      208912          256         663.042    106962944      6685184
      208912          512        1321.793    213925888     13370368
      208912         1024        2631.903    427851776     26740736
      208912         2048        5254.984    855703552     53481472
      271584            1          31.948       543168        33948
      271584            2          13.113      1086336        67896
      271584            4          20.981      2172672       135792
      271584            8          34.094      4345344       271584
      271584           16          60.081      8690688       543168
      271584           32         113.964     17381376      1086336
      271584           64         219.822     34762752      2172672
      271584          128         439.882     69525504      4345344
      271584          256         856.161    139051008      8690688
      271584          512        1707.077    278102016     17381376
      271584         1024        3417.015    556204032     34762752
      353056            1          38.862       706112        44132
      353056            2          17.881      1412224        88264
      353056            4          26.941      2824448       176528
      353056            8          42.915      5648896       353056
      353056           16          77.963     11297792       706112
      353056           32         147.104     22595584      1412224
      353056           64         286.102     45191168      2824448
      353056          128         562.906     90382336      5648896
      353056          256        1116.991    180764672     11297792
      353056          512        2238.035    361529344     22595584
      353056         1024        4467.964    723058688     45191168
      458968            1          48.876       917936        57371
      458968            2          22.888      1835872       114742
      458968            4          35.048      3671744       229484
      458968            8          56.982      7343488       458968
      458968           16         101.805     14686976       917936
      458968           32         191.927     29373952      1835872
      458968           64         372.171     58747904      3671744
      458968          128         733.852    117495808      7343488
      458968          256        1462.936    234991616     14686976
      458968          512        2892.971    469983232     29373952
      458968         1024        5841.970    939966464     58747904
      596656            1          60.081      1193312        74582
      596656            2          30.041      2386624       149164
      596656            4          45.061      4773248       298328
      596656            8          74.148      9546496       596656
      596656           16         133.038     19092992      1193312
      596656           32         251.055     38185984      2386624
      596656           64         487.089     76371968      4773248
      596656          128         962.019    152743936      9546496
      596656          256        1932.144    305487872     19092992
      596656          512        3778.934    610975744     38185984
      775648            1          73.910      1551296        96956
      775648            2          41.962      3102592       193912
      775648            4          58.174      6205184       387824
      775648            8          97.036     12410368       775648
      775648           16         174.046     24820736      1551296
      775648           32         325.918     49641472      3102592
      775648           64         631.809     99282944      6205184
      775648          128        1244.783    198565888     12410368
      775648          256        2476.931    397131776     24820736
      775648          512        4918.814    794263552     49641472
     1008336            1          92.030      2016672       126042
     1008336            2          72.956      4033344       252084
     1008336            4          93.937      8066688       504168
     1008336            8         154.018     16133376      1008336
     1008336           16         276.804     32266752      2016672
     1008336           32         519.991     64533504      4033344
     1008336           64        1005.888    129067008      8066688
     1008336          128        2078.056    258134016     16133376
     1008336          256        3944.159    516268032     32266752
     1008336          512        7697.105   1032536064     64533504
     1310832            1         118.017      2621664       163854
     1310832            2         120.878      5243328       327708
     1310832            4         160.217     10486656       655416
     1310832            8         262.022     20973312      1310832
     1310832           16         475.168     41946624      2621664
     1310832           32         867.844     83893248      5243328
     1310832           64        1730.919    167786496     10486656
     1310832          128        3385.067    335572992     20973312
     1310832          256        6838.083    671145984     41946624
     1704080            1         151.873      3408160       213010
     1704080            2         183.821      6816320       426020
     1704080            4         249.863     13632640       852040
     1704080            8         418.901     27265280      1704080
     1704080           16         758.886     54530560      3408160
     1704080           32        1431.942    109061120      6816320
     1704080           64        2739.191    218122240     13632640
     1704080          128        5450.964    436244480     27265280
     1704080          256       10748.148    872488960     54530560
     2215304            1         198.841      4430608       276913
     2215304            2         254.154      8861216       553826
     2215304            4         339.985     17722432      1107652
     2215304            8         571.966     35444864      2215304
     2215304           16        1003.981     70889728      4430608
     2215304           32        1909.018    141779456      8861216
     2215304           64        3710.032    283558912     17722432
     2215304          128        7333.994    567117824     35444864
     2879888            1         288.963      5759776       359986
     2879888            2         340.939     11519552       719972
     2879888            4         432.968     23039104      1439944
     2879888            8         721.931     46078208      2879888
     2879888           16        1309.872     92156416      5759776
     2879888           32        2483.845    184312832     11519552
     2879888           64        4879.951    368625664     23039104
     2879888          128        9664.059    737251328     46078208
     3743848            1         330.925      7487696       467981
     3743848            2         446.081     14975392       935962
     3743848            4         560.999     29950784      1871924
     3743848            8         946.999     59901568      3743848
     3743848           16        1729.965    119803136      7487696
     3743848           32        3220.797    239606272     14975392
     3743848           64        6294.012    479212544     29950784
     3743848          128       12392.044    958425088     59901568
     4867000            1         422.001      9734000       608375
     4867000            2         579.119     19468000      1216750
     4867000            4         750.065     38936000      2433500
     4867000            8        1258.850     77872000      4867000
     4867000           16        2271.891    155744000      9734000
     4867000           32        4281.044    311488000     19468000
     4867000           64        8177.042    622976000     38936000
     6327096            1         552.893     12654192       790887
     6327096            2         801.086     25308384      1581774
     6327096            4        1020.193     50616768      3163548
     6327096            8        1688.004    101233536      6327096
     6327096           16        2900.839    202467072     12654192
     6327096           32        5604.029    404934144     25308384
     6327096           64       10767.937    809868288     50616768
     8225224            1         727.892     16450448      1028153
     8225224            2        1019.955     32900896      2056306
     8225224            4        1255.035     65801792      4112612
     8225224            8        2139.091    131603584      8225224
     8225224           16        3858.805    263207168     16450448
     8225224           32        7379.055    526414336     32900896
     8225224           64       14294.863   1052828672     65801792
    10692784            1         971.079     21385568      1336598
    10692784            2        1672.983     42771136      2673196
    10692784            4        1863.003     85542272      5346392
    10692784            8        2856.970    171084544     10692784
    10692784           16        5182.981    342169088     21385568
    10692784           32       10031.939    684338176     42771136
    13900616            1        1163.006     27801232      1737577
    13900616            2        2044.916     55602464      3475154
    13900616            4        2717.972    111204928      6950308
    13900616            8        4097.939    222409856     13900616
    13900616           16        7919.073    444819712     27801232
    13900616           32       13074.875    889639424     55602464
    18070800            1        1540.899     36141600      2258850
    18070800            2        2933.025     72283200      4517700
    18070800            4        4216.909    144566400      9035400
    18070800            8        5623.102    289132800     18070800
    18070800           16       10481.834    578265600     36141600
    18070800           32       20272.017   1156531200     72283200
    23492040            1        1989.841     46984080      2936505
    23492040            2        3875.971     93968160      5873010
    23492040            4        5033.016    187936320     11746020
    23492040            8        8206.844    375872640     23492040
    23492040           16       15923.977    751745280     46984080
    23492040           32       28172.016   1503490560     93968160
    30539648            1        2593.040     61079296      3817456
    30539648            2        4893.064    122158592      7634912
    30539648            4        7117.033    244317184     15269824
    30539648            8       12351.990    488634368     30539648
    30539648           16       24123.192    977268736     61079296
    30539648           32       40651.083   1954537472    122158592
    39701536            1        3455.877     79403072      4962692
    39701536            2        6695.032    158806144      9925384
    39701536            4        9932.041    317612288     19850768
    39701536            8       16165.018    635224576     39701536
    39701536           16       29300.928   1270449152     79403072
    39701536           32       55752.039   2540898304    158806144
    51611992            1        4533.052    103223984      6451499
    51611992            2        8909.941    206447968     12902998
    51611992            4       17082.930    412895936     25805996
    51611992            8       22314.787    825791872     51611992
    51611992           16       39531.946   1651583744    103223984
    51611992           32       74733.019   3303167488    206447968
    67095584            1        5838.871    134191168      8386948
    67095584            2       11439.085    268382336     16773896
    67095584            4       17081.976    536764672     33547792
    67095584            8       28737.068   1073529344     67095584
    67095584           16       51514.149   2147058688    134191168
    67095584           32       99189.997   4294117376    268382336
    87224256            1        7501.125    174448512     10903032
    87224256            2       15063.047    348897024     21806064
    87224256            4       22312.880    697794048     43612128
    87224256            8       37286.997   1395588096     87224256
    87224256           16       67361.116   2791176192    174448512
    87224256           32      128485.918   5582352384    348897024
   113391528            1        9715.080    226783056     14173941
   113391528            2       19200.802    453566112     28347882
   113391528            4       29074.192    907132224     56695764
   113391528            8       48056.126   1814264448    113391528
   113391528           16       88934.898   3628528896    226783056
   113391528           32      162426.949   7257057792    453566112
   147408984            1       12503.147    294817968     18426123
   147408984            2       25053.024    589635936     36852246
   147408984            4       37069.082   1179271872     73704492
   147408984            8       65007.925   2358543744    147408984
   147408984           16      112556.934   4717087488    294817968
   147408984           32      215772.152   9434174976    589635936
   191631672            1       16417.027    383263344     23953959
   191631672            2       32915.115    766526688     47907918
   191631672            4       49142.838   1533053376     95815836
   191631672            8       82005.978   3066106752    191631672
   191631672           16      149159.908   6132213504    383263344
   191631672           32      280045.033  12264427008    766526688
   249121168            1       21382.093    498242336     31140146
   249121168            2       43395.042    996484672     62280292
   249121168            4       65051.079   1992969344    124560584
   249121168            8      108944.893   3985938688    249121168
   249121168           16      190156.937   7971877376    498242336
   249121168           32      362399.101  15943754752    996484672
   323857512            1       27528.048    647715024     40482189
   323857512            2       57982.922   1295430048     80964378
   323857512            4       83340.168   2590860096    161928756
   323857512            8      137357.950   5181720192    323857512
   323857512           16      250122.070  10363440384    647715024
   323857512           32      473458.052  20726880768   1295430048
   421014760            1       36005.974    842029520     52626845
   421014760            2       72337.151   1684059040    105253690
   421014760            4      107945.919   3368118080    210507380
   421014760            8      181138.039   6736236160    421014760
   421014760           16      323143.959  13472472320    842029520
   421014760           32      614915.133  26944944640   1684059040

META_DATA
FLOPS          1
ERT_VERSION  1.1.0
HOSTNAME  ('dev-amd24.i', ['dev-amd24'], ['192.168.17.192'])
UNAME  uname_result(system='Linux', node='dev-amd24', release='5.15.0-126-generic', version='#136-Ubuntu SMP Wed Nov 6 10:38:22 UTC 2024', machine='x86_64')
TIMESTAMP_DATA  1759347802.8766682
CONFIG  {'ERT_RESULTS': ['Results.EPYC9654.01'], 'ERT_DRIVER': ['driver1'], 'ERT_KERNEL': ['kernel1'], 'ERT_HIP': ['False'], 'ERT_GPU': ['False'], 'ERT_GPU_CFLAGS': ['-O3', '-gencode', 'arch=compute_70,code=sm_70'], 'ERT_GPU_LDFLAGS': [], 'ERT_FLOPS': ['1,2,4'], 'ERT_ALIGN': ['64'], 'ERT_CC': ['g++'], 'ERT_CFLAGS': ['-O3', '-march=native', '-fopenmp'], 'ERT_LD': ['g++'], 'ERT_LDFLAGS': ['-fopenmp'], 'ERT_LDLIBS': [], 'ERT_RUN': ['srun', '-n', '1', './ERT_CODE'], 'ERT_PRECISION': ['FP64'], 'ERT_BLOCKS_THREADS': ['16384'], 'ERT_GPU_BLOCKS': ['8192,4096,2048,1024'], 'ERT_GPU_THREADS': ['32,64,128,256'], 'ERT_NUM_EXPERIMENTS': ['3'], 'ERT_WSS_MULT': ['1.3'], 'ERT_MEMORY_MAX': ['536870912'], 'ERT_WORKING_SET_MIN': ['512'], 'ERT_TRIALS_MIN': ['32'], 'ERT_GNUPLOT': ['gnuplo'], 'ERT_MPI': [False], 'ERT_OPENMP': [False], 'ERT_OCL': [False], 'ERT_SYCL': [False]}
